9.999991806276212758e-01 -8.961467164369973015e-04 -9.141472248669149387e-04 2.528606000000000083e-03 8.943680331525242231e-04 9.999977099258142710e-01 -1.944286231063833146e-03 3.510319999999999825e-04 9.158874971237347500e-04 1.943467053913883061e-03 9.999976920402882108e-01 5.541356299999999901e-02
9.999966605861253521e-01 2.578012871945149515e-03 -1.807380140688750016e-04 3.483158000000000087e-03 -2.577878422774722376e-03 9.999964033039614453e-01 7.402175209488984307e-04 6.342270000000000112e-04 1.826456543062213698e-04 -7.397491284295953495e-04 9.999997097058538342e-01 1.053522679999999989e-01
9.999961590252837151e-01 2.749319003457542914e-03 -3.509696521323234773e-04 5.379759999999999924e-03 -2.747522414454516785e-03 9.999836217161056640e-01 5.020699166699203915e-03 8.029559999999999606e-04 3.647674074813721571e-04 -5.019715585334619430e-03 9.999873346198845381e-01 1.554610280000000011e-01
9.999943271253358690e-01 3.302147282689920586e-03 -6.644851167133348840e-04 7.416156000000000137e-03 -3.297207132213033406e-03 9.999678956176762945e-01 7.303160896725851940e-03 9.763159999999999677e-04 6.885798967392701151e-04 -7.300928521743355916e-03 9.999731107887083192e-01 2.104951740000000071e-01
9.999955341849575685e-01 2.888756474308038728e-03 -7.659609477653307264e-04 8.923245999999999262e-03 -2.882551012438133112e-03 9.999639845271166561e-01 7.982515162096897460e-03 1.111093000000000063e-03 7.889929036753563036e-04 -7.980271592155141480e-03 9.999678458608123321e-01 2.602954210000000268e-01
9.999982022978881613e-01 1.718716813367733316e-03 -8.008829548328791521e-04 1.039322200000000057e-02 -1.713036289100863720e-03 9.999737492339338951e-01 7.040337328691176517e-03 1.346821999999999906e-03 8.129622771803875561e-04 -7.038952730696942418e-03 9.999748958032851354e-01 3.149434629999999791e-01
9.999968971176841359e-01 2.234083438417312859e-03 -1.102100809444203893e-03 1.177629900000000049e-02 -2.227561643934127238e-03 9.999802094939774788e-01 5.883756410945705818e-03 1.495250000000000051e-03 1.115223801064872677e-03 -5.881283156851120804e-03 9.999820832316459462e-01 3.649612070000000097e-01
9.999951418033239392e-01 2.783240523062934305e-03 -1.403546201872499927e-03 1.273421500000000012e-02 -2.776022434935676401e-03 9.999830459588485709e-01 5.118739522985909542e-03 1.743666999999999960e-03 1.417769089359813533e-03 -5.114818379397706970e-03 9.999859141826723530e-01 4.151980279999999968e-01
9.999915596659507688e-01 3.776160989246320904e-03 -1.619013601737082130e-03 1.351654000000000050e-02 -3.768208398465278455e-03 9.999809576225768826e-01 4.887228017995349540e-03 1.960711999999999872e-03 1.637437731656130263e-03 -4.881085987507007874e-03 9.999867468108052382e-01 4.703202839999999774e-01
9.999880048255629372e-01 4.452170451313970656e-03 -2.041661887367955328e-03 1.527721800000000039e-02 -4.440587546858476217e-03 9.999742177463643023e-01 5.643139621306254849e-03 2.232713999999999793e-03 2.066733468197955517e-03 -5.634005752510183596e-03 9.999819931338523871e-01 5.202155710000000433e-01
9.999905212002317967e-01 3.988330938260903000e-03 -1.746632764956683199e-03 1.763958100000000140e-02 -3.976384145484700150e-03 9.999690363892039802e-01 6.790775506101092221e-03 2.073174000000000110e-03 1.773662542945312909e-03 -6.783765854865241723e-03 9.999754170188435154e-01 5.704076890000000510e-01
9.999817322899320349e-01 5.889848599218638729e-03 -1.358223068899553580e-03 1.969365799999999930e-02 -5.881341626927677306e-03 9.999635803448978510e-01 6.184480938635712570e-03 2.165002000000000072e-03 1.394599259277150369e-03 -6.176379788457231866e-03 9.999799535118765181e-01 6.248272059999999684e-01
9.999880477561510217e-01 4.717193115449173392e-03 -1.285470323813675889e-03 2.213667100000000013e-02 -4.709238209813241573e-03 9.999701677557251145e-01 6.122636202675941879e-03 1.769095000000000042e-03 1.314313632692630605e-03 -6.116509437468564854e-03 9.999804302545006740e-01 6.740366819999999981e-01
9.999871076229549516e-01 4.731933007721582721e-03 -1.842117772333816145e-03 2.458384799999999842e-02 -4.718341337653473785e-03 9.999621205786051181e-01 7.314004577557680319e-03 1.925201999999999990e-03 1.876657373657630769e-03 -7.305218542218929086e-03 9.999715555650332544e-01 7.230513100000000026e-01
9.999855469236291761e-01 4.926969523407409221e-03 -2.151956125412312487e-03 2.704252999999999865e-02 -4.908591176473778642e-03 9.999521348094521089e-01 8.463676664517040191e-03 2.250455000000000164e-03 2.193553398604369126e-03 -8.452991265502472415e-03 9.999618669040098995e-01 7.766588330000000484e-01
9.999846387460545882e-01 4.618929813787928454e-03 -3.063945054667015916e-03 2.977412399999999904e-02 -4.591036751202377808e-03 9.999485172146582723e-01 9.049049770854937155e-03 2.256545999999999899e-03 3.105584240014520186e-03 -9.034844081753800119e-03 9.999543624280792242e-01 8.255648610000000387e-01
9.999946430254567087e-01 1.987802487436007674e-03 -2.600492580320154165e-03 3.113489200000000082e-02 -1.963493261597989113e-03 9.999546650726642838e-01 9.317322234823574925e-03 2.830964999999999957e-03 2.618895683492613626e-03 -9.312166272507258272e-03 9.999532113777684916e-01 8.741365079999999788e-01
9.999939478369145318e-01 2.562632815697915480e-03 -2.353126132218301934e-03 3.287182699999999930e-02 -2.541793808167132265e-03 9.999579027657892194e-01 8.816574191899967036e-03 2.704855999999999840e-03 2.375620714462584743e-03 -8.810539671122394681e-03 9.999583645417066124e-01 9.266668559999999832e-01
9.999921974275056691e-01 3.403620411949623281e-03 -2.005106530783510449e-03 3.391263600000000294e-02 -3.392379877819591376e-03 9.999786610856206126e-01 5.582932220081137861e-03 2.902680999999999838e-03 2.024065926049727591e-03 -5.576086575799846234e-03 9.999824050530220498e-01 9.742214080000000109e-01
9.999946589755268622e-01 1.946289290162655540e-03 -2.625638668728061224e-03 3.617913600000000063e-02 -1.934836283819556507e-03 9.999886342385664317e-01 4.357499540038400204e-03 2.966708000000000192e-03 2.634089781032007346e-03 -4.352396085562260097e-03 9.999870590259354319e-01 1.022020936000000102e+00
9.999825100969291780e-01 5.371259334996994310e-03 -2.475696548679821082e-03 3.793843499999999952e-02 -5.355528432977815952e-03 9.999657028150168436e-01 6.317555609026222554e-03 3.087097999999999925e-03 2.509544868796673763e-03 -6.304186452333096144e-03 9.999769794438898574e-01 1.074618340000000005e+00
9.999642828773863679e-01 8.180172309063019412e-03 -2.125500060785640629e-03 3.962427799999999889e-02 -8.162606843213545196e-03 9.999335097119640414e-01 8.145428450154488034e-03 3.289102999999999818e-03 2.191989743927786217e-03 -8.127787897546373194e-03 9.999645664946608115e-01 1.121998905999999963e+00
9.999465943507894750e-01 9.768724776264831391e-03 -3.373494108970690429e-03 4.268925300000000339e-02 -9.740220579800963271e-03 9.999175742731154504e-01 8.364972374466929719e-03 3.974585000000000097e-03 3.454931159153843377e-03 -8.331667060940609396e-03 9.999593225600085233e-01 1.168949245999999942e+00
9.999268098419955564e-01 1.187109754432739625e-02 -2.334952312720081115e-03 4.360153199999999840e-02 -1.184790577317723290e-02 9.998826898554099563e-01 9.707402139597334084e-03 3.719951999999999894e-03 2.449915916827838033e-03 -9.679027358314953866e-03 9.999501559284830199e-01 1.221652269000000013e+00
9.999112323208771969e-01 1.313621457747924347e-02 -2.228754163037433272e-03 4.652061700000000022e-02 -1.311750179377348981e-02 9.998802347604885954e-01 8.212629420638327057e-03 3.924152999999999669e-03 2.336370098076109240e-03 -8.182664717853638595e-03 9.999637920309315531e-01 1.269311309000000110e+00
9.998672522658721418e-01 1.600043209819517614e-02 -3.076364569737308381e-03 4.829197699999999982e-02 -1.598106030998823479e-02 9.998529373585494096e-01 6.221685209752303436e-03 4.007112000000000174e-03 3.175461803172604895e-03 -6.171695727413769456e-03 9.999759130170010613e-01 1.316893697000000030e+00
9.998353537114788026e-01 1.767145203484974184e-02 -4.121316734008641063e-03 5.068010099999999823e-02 -1.765098684582440750e-02 9.998319544818483617e-01 4.950299018804798883e-03 4.216496000000000133e-03 4.208103136871580406e-03 -4.876738662984820942e-03 9.999792544288117480e-01 1.369449973000000043e+00
9.997637484314622069e-01 2.133172334443921708e-02 -4.171918195281531551e-03 5.197677800000000126e-02 -2.130218742080633443e-02 9.997485737503954972e-01 7.000435353518733549e-03 4.517646999999999635e-03 4.320200615787928196e-03 -6.909910506385857736e-03 9.999667939503956715e-01 1.417549133000000072e+00
9.997253328649107207e-01 2.300423377245355838e-02 -4.479291984880437449e-03 5.575548500000000046e-02 -2.296259916508682636e-02 9.996945934553288504e-01 9.134487165041050433e-03 4.612017000000000373e-03 4.688055857928842551e-03 -9.029122035228723253e-03 9.999482472045969628e-01 1.466928720000000075e+00
9.996654836194023286e-01 2.527295284271836862e-02 -5.495335712784196747e-03 5.704204400000000008e-02 -2.521984086057561109e-02 9.996365178434414300e-01 9.528474211866073615e-03 4.706145000000000120e-03 5.734150935727849729e-03 -9.386695289008246609e-03 9.999395029023494530e-01 1.519721627000000019e+00
9.996533192423759928e-01 2.544248640424375679e-02 -6.776519259193654332e-03 5.847983799999999927e-02 -2.538409472390626420e-02 9.996410563827491380e-01 8.567737684419077585e-03 4.843990999999999748e-03 6.992071420409348703e-03 -8.392751607853772902e-03 9.999403345488673267e-01 1.567911386000000018e+00
9.996518383344963343e-01 2.522760702082332135e-02 -7.731103314855707932e-03 5.988385499999999972e-02 -2.516152127301211905e-02 9.996470120512230828e-01 8.529310891846208012e-03 5.016416000000000104e-03 7.943548431892738515e-03 -8.331814992239906445e-03 9.999337382533131091e-01 1.621273637000000045e+00
9.996408452023056723e-01 2.538286635718709286e-02 -8.595969911133562874e-03 6.286111499999999519e-02 -2.530577880544952404e-02 9.996395944570932723e-01 8.960957131222777733e-03 5.308934000000000396e-03 8.820326653225241120e-03 -8.740211047287720081e-03 9.999229023022621066e-01 1.671152471999999944e+00
9.996338732039304897e-01 2.547866003853585179e-02 -9.108096724839505678e-03 6.499794899999999931e-02 -2.539856220677920093e-02 9.996386339688300149e-01 8.804232775201160585e-03 5.580474000000000198e-03 9.329125421854022812e-03 -8.569676748412127440e-03 9.999197608104818391e-01 1.720198034999999903e+00
9.996308349758531442e-01 2.569604352553672005e-02 -8.826500587009046550e-03 6.757349499999999731e-02 -2.561416616322342854e-02 9.996289461698658618e-01 9.267387500590229185e-03 5.342976000000000149e-03 9.061360672742737460e-03 -9.037882852584356100e-03 9.999181008544156812e-01 1.774876356000000044e+00
9.996037993893240881e-01 2.697396041686844770e-02 -8.040504079784897840e-03 7.020740999999999787e-02 -2.689120766866144596e-02 9.995860365541314740e-01 1.022831736520293279e-02 5.658217000000000108e-03 8.313073832749661579e-03 -1.000804603464643637e-02 9.999153623272419855e-01 1.824645757999999951e+00
9.996212163656740257e-01 2.693639430551925118e-02 -5.643974966981405057e-03 7.199624200000000196e-02 -2.686789246633911055e-02 9.995683923996526721e-01 1.188045748240966655e-02 5.651091999999999921e-03 5.961555671765628693e-03 -1.172431564705145833e-02 9.999134963968536738e-01 1.873803973000000012e+00
9.996108947699238190e-01 2.767608323773140117e-02 -3.477567237348426488e-03 7.492851500000000109e-02 -2.763322629819126713e-02 9.995482395126120689e-01 1.182039303875959645e-02 5.861546999999999938e-03 3.803138391521769177e-03 -1.171969725956983378e-02 9.999240895360601566e-01 1.928018688999999952e+00
9.996216881243151775e-01 2.749917054431642166e-02 -5.255957276568558973e-04 7.720423499999999606e-02 -2.749206601596364957e-02 9.995658945529388717e-01 1.059286329360552628e-02 5.666688999999999928e-03 8.166625179520157042e-04 -1.057440617518159987e-02 9.999437559164885414e-01 1.978210449000000093e+00
9.996601750388700580e-01 2.600795558663218307e-02 1.766546761186646398e-03 7.934012299999999851e-02 -2.602324487387256205e-02 9.996183814435305459e-01 9.267265316731306338e-03 6.068315999999999814e-03 -1.524849989394621999e-03 -9.310087347602772831e-03 9.999554975628114351e-01 2.028472185000000039e+00
9.996810778343420134e-01 2.484755398931922862e-02 4.510175242265462847e-03 8.216004100000000310e-02 -2.489027384502326065e-02 9.996433543723258763e-01 9.676689886738219781e-03 6.377527000000000022e-03 -4.268124633586637892e-03 -9.785863272712171101e-03 9.999430083720370899e-01 2.083980798999999884e+00
9.997018407225123360e-01 2.336082536490673850e-02 7.106440338936263063e-03 8.614358299999999580e-02 -2.343693799858043159e-02 9.996667352978307886e-01 1.082258177273132289e-02 6.242903999999999641e-03 -6.851247570423024333e-03 -1.098590812118367503e-02 9.999161816019789262e-01 2.133610009999999946e+00
9.997033742508832921e-01 2.224533936320980190e-02 9.915058649043120495e-03 8.984685700000000219e-02 -2.235122880302614287e-02 9.996929197109727383e-01 1.069994629637060525e-02 6.083693000000000260e-03 -9.673989993436568277e-03 -1.091838616124512183e-02 9.998935957196849467e-01 2.183869361999999814e+00
9.996724610942834266e-01 2.261029662972851087e-02 1.198937095990326718e-02 9.471572200000000219e-02 -2.272213132129767207e-02 9.996987932174584701e-01 9.275105809360750797e-03 6.184567999999999663e-03 -1.177604678642997504e-02 -9.544491912764220543e-03 9.998851070979160038e-01 2.240080832999999938e+00
9.997052067261839037e-01 1.970589239048186128e-02 1.418370366486223534e-02 9.816993799999999826e-02 -1.982914435220317975e-02 9.997663768136245688e-01 8.602140850817131465e-03 6.172506000000000347e-03 -1.401087716088347292e-02 -8.880855704973317569e-03 9.998624033951521994e-01 2.290505170999999951e+00
9.996686213896354145e-01 1.992790520357428513e-02 1.629496864505108542e-02 1.014926139999999949e-01 -2.007815728934633087e-02 9.997569106009235318e-01 9.109736854676000334e-03 5.807398000000000074e-03 -1.610946953844569554e-02 -9.433891026216612019e-03 9.998257281603106783e-01 2.340168714999999899e+00
9.997111676558898541e-01 1.606870553374747934e-02 1.787114899963476375e-02 1.066407490000000069e-01 -1.624266701850834299e-02 9.998216840166603836e-01 9.632026693027534794e-03 6.066369000000000275e-03 -1.771318808750403304e-02 -9.919519774618469968e-03 9.997939018093767727e-01 2.397032021999999873e+00
9.997121222722361589e-01 1.410019354529263268e-02 1.941280824422127876e-02 1.096728819999999993e-01 -1.426180460514329083e-02 9.998645741111692464e-01 8.211843087572310435e-03 6.426453000000000373e-03 -1.929439067051175877e-02 -8.486340758859706179e-03 9.997778295747401511e-01 2.447766303999999948e+00
9.996953562308104058e-01 1.352357039233448646e-02 2.064722195348910744e-02 1.123664600000000013e-01 -1.359219463913850443e-02 9.999025430837376049e-01 3.186938902149270489e-03 6.365500999999999972e-03 -2.060211094632884848e-02 -3.466609080619260236e-03 9.997817440051790516e-01 2.497554302000000170e+00
9.997124711033067435e-01 1.303919752267873773e-02 2.012348002917697248e-02 1.176034730000000000e-01 -1.304140341803830365e-02 9.999149570486622896e-01 -2.161619836728491005e-05 6.386038000000000131e-03 -2.012205052692430524e-02 -2.408284381497164382e-04 9.997975020394156420e-01 2.555617570999999977e+00
9.996514228926136614e-01 1.546570611848430664e-02 2.139730457392866741e-02 1.209722909999999957e-01 -1.550936236060045624e-02 9.998779630489453840e-01 1.875816691257222455e-03 6.629239999999999786e-03 -2.136568248243855134e-02 -2.207021374678190366e-03 9.997692917212006591e-01 2.607222318999999899e+00
9.995744936515417178e-01 1.651819710431519372e-02 2.404123136794346707e-02 1.227320209999999967e-01 -1.667220814164705606e-02 9.998416630662710913e-01 6.219828981155666424e-03 5.972085999999999714e-03 -2.393468439201973733e-02 -6.618002817785707641e-03 9.996916189114311013e-01 2.658760071000000114e+00
9.995933579636613331e-01 1.592831389174724152e-02 2.365179763775783484e-02 1.260181959999999990e-01 -1.608714431407940945e-02 9.998492025378221681e-01 6.540334265084239360e-03 6.253260000000000068e-03 -2.354405450956690432e-02 -6.918164572126362863e-03 9.996988629063271459e-01 2.715382813999999811e+00
9.996149336308178812e-01 1.486951867247134421e-02 2.342822820242063467e-02 1.285807340000000021e-01 -1.500943840077975655e-02 9.998704848551923652e-01 5.807777056311340218e-03 6.598981000000000291e-03 -2.333883504266804146e-02 -6.157185224730890062e-03 9.997086514825004322e-01 2.766885996000000070e+00
9.996463469052263573e-01 1.287535084830904002e-02 2.326814258957813145e-02 1.303856369999999987e-01 -1.300713657137504177e-02 9.999001596500858291e-01 5.521334073090045438e-03 6.741042000000000041e-03 -2.319473037673837681e-02 -5.822033344632687735e-03 9.997140133110491433e-01 2.822768449999999874e+00
9.996705073956676513e-01 1.217774871895508336e-02 2.259599697792571624e-02 1.326925160000000103e-01 -1.231690901787647029e-02 9.999059638044218712e-01 6.029701534528497144e-03 6.962783000000000166e-03 -2.252044394619683379e-02 -6.306027631411861671e-03 9.997264944073344095e-01 2.874283552000000075e+00
9.997345181160750549e-01 1.041221944159241228e-02 2.055429331111581492e-02 1.356925820000000060e-01 -1.056727376131521776e-02 9.999164153465847082e-01 7.449499693925329576e-03 6.700537000000000333e-03 -2.047500946208997974e-02 -7.664724831101219459e-03 9.997609844261732270e-01 2.924893856000000181e+00
9.997500580075183718e-01 1.234829643273403776e-02 1.863708907456063449e-02 1.381993740000000137e-01 -1.246101870882210597e-02 9.999046895437350146e-01 5.944311666243665138e-03 7.308849000000000075e-03 -1.856191064255414622e-02 -6.175063048777955366e-03 9.998086437262090342e-01 2.976313590999999814e+00
9.997779829831776599e-01 1.302559593899735822e-02 1.656256600056197834e-02 1.416176560000000084e-01 -1.310912072466810345e-02 9.999018468485947331e-01 4.944453720628476726e-03 7.489952999999999715e-03 -1.649653587620968434e-02 -5.160476644975256141e-03 9.998506057331173480e-01 3.033547163000000157e+00
9.997847891866583625e-01 1.503466097577323655e-02 1.429455421944190487e-02 1.446681019999999929e-01 -1.514084897985583551e-02 9.998583591094416523e-01 7.349585780431259173e-03 7.129266000000000422e-03 -1.418203099553098055e-02 -7.564435756768660320e-03 9.998708163100488155e-01 3.084422827000000034e+00
9.997564813794689309e-01 1.755785778105285050e-02 1.336785584466954058e-02 1.471887380000000134e-01 -1.768237234757415177e-02 9.998008291386571988e-01 9.253959250796504193e-03 7.408767000000000130e-03 -1.320271365686950804e-02 -9.488081143939442602e-03 9.998678235988498475e-01 3.135864495999999946e+00
9.997388008721456165e-01 1.965985768883752802e-02 1.165418492984605404e-02 1.487583969999999867e-01 -1.976444048188033889e-02 9.997648045009945861e-01 8.927629782110323847e-03 7.722622999999999641e-03 -1.147592798699106041e-02 -9.155636337408200320e-03 9.998922328931726389e-01 3.191753386999999886e+00
9.997062221135087912e-01 2.240364282219134764e-02 9.249121895157806292e-03 1.514299960000000111e-01 -2.247004611225878259e-02 9.997220270546383070e-01 7.139023005837962475e-03 7.898350000000000162e-03 -9.086610767980398198e-03 -7.344753914229794171e-03 9.999317417177487899e-01 3.243744373000000181e+00
9.996710193453491877e-01 2.455488797569504653e-02 7.410165823486148003e-03 1.535058770000000128e-01 -2.459792157200633642e-02 9.996807552448953027e-01 5.773200787533367545e-03 8.015410000000000590e-03 -7.266039868313467313e-03 -5.953576193920527559e-03 9.999558788242286500e-01 3.294705867999999871e+00
9.995889889507023618e-01 2.768723495408736968e-02 7.434392316096482059e-03 1.537958530000000101e-01 -2.773386869783082964e-02 9.995958369332675897e-01 6.244622705307986514e-03 7.623780999999999614e-03 -7.258491273257226470e-03 -6.448240556720192564e-03 9.999528661382788286e-01 3.350604056999999969e+00
9.995777617928968128e-01 2.873856280663430324e-02 4.288722060475553405e-03 1.573870780000000136e-01 -2.875780752939370577e-02 9.995763011760141481e-01 4.495178904191278989e-03 8.278407999999999253e-03 -4.157719952716968509e-03 -4.616615111472385270e-03 9.999806999286072751e-01 3.402558326999999938e+00
9.995735039068707195e-01 2.905998498137871491e-02 2.885751240693864347e-03 1.590243580000000045e-01 -2.907116721258494116e-02 9.995696902080650759e-01 3.911732896147560902e-03 8.482550999999999633e-03 -2.770834574464692193e-03 -3.993956714202125287e-03 9.999881853229697359e-01 3.454431295000000013e+00
9.995618357144679944e-01 2.956260193969948574e-02 1.479577533524066438e-03 1.607852879999999984e-01 -2.957006791169407289e-02 9.995486166164367914e-01 5.307928396759305917e-03 8.715690999999999369e-03 -1.321993502492917758e-03 -5.349353860252608131e-03 9.999848182579859079e-01 3.510488510000000062e+00
9.995375688152016158e-01 3.040367357515755264e-02 5.149370167884760249e-04 1.618164780000000136e-01 -3.040674324092779157e-02 9.995078448931061788e-01 7.713492245315234884e-03 8.774751000000000772e-03 -2.801650875548613901e-04 -7.725582843612036933e-03 9.999701179921578476e-01 3.561543465000000186e+00
9.995393710498108319e-01 3.030528399481181856e-02 -1.623417180642264430e-03 1.635547579999999945e-01 -3.028983824802798652e-02 9.995022665226825920e-01 8.817307691625062699e-03 9.155408000000000296e-03 1.889820165228142754e-03 -8.764073140628849540e-03 9.999598089932059120e-01 3.612944602999999866e+00
9.995264540480688353e-01 3.059209118101341440e-02 -3.315360503213504988e-03 1.646748929999999889e-01 -3.056055050665178879e-02 9.994907636063152800e-01 9.179663305106377028e-03 9.347028000000000281e-03 3.594497297827901113e-03 -9.073997070601939538e-03 9.999523699488583883e-01 3.669010639000000129e+00
9.995161894000998970e-01 3.085822406476592533e-02 -3.893216494389120045e-03 1.652435060000000122e-01 -3.082030119357189596e-02 9.994802565400323635e-01 9.451233835247608780e-03 9.428122000000000585e-03 4.182841311954491395e-03 -9.326671123167125724e-03 9.999477571575022816e-01 3.720305442999999990e+00
9.995038155874627073e-01 3.101226277789296062e-02 -5.510189061932992995e-03 1.661744709999999903e-01 -3.095178422107418628e-02 9.994631594878297109e-01 1.074150269455281456e-02 9.755032000000000286e-03 5.840349273407746851e-03 -1.056562274548627708e-02 9.999271263128951537e-01 3.775884151000000077e+00
9.995122280343003984e-01 3.037412270748432452e-02 -7.260763021837441517e-03 1.677945409999999915e-01 -3.027188855779069931e-02 9.994464560098126338e-01 1.379834528377183248e-02 9.614753999999999662e-03 7.675856502912052279e-03 -1.357181782872777381e-02 9.998784361049949387e-01 3.826862096999999796e+00
9.995607546160134582e-01 2.828870751907477943e-02 -8.834413300603723498e-03 1.690173749999999975e-01 -2.815316462331562269e-02 9.994894504413092129e-01 1.510754044251486940e-02 1.004425800000000035e-02 9.257275687702704384e-03 -1.485218783310980097e-02 9.998468459536249409e-01 3.878496170000000021e+00
9.995803871202864066e-01 2.703581351313593187e-02 -1.039781093024833708e-02 1.707001629999999881e-01 -2.687418748842085661e-02 9.995204722288590915e-01 1.538192582987235081e-02 1.046635599999999958e-02 1.080868776935752992e-02 -1.509603865527069273e-02 9.998276260864285003e-01 3.935528516999999837e+00
9.995719335174558795e-01 2.635505199450295308e-02 -1.270279333619206072e-02 1.724390389999999884e-01 -2.616573809340385151e-02 9.995473729028921950e-01 1.484599181443103932e-02 1.070702100000000059e-02 1.308831059389843274e-02 -1.450725877944571834e-02 9.998090995627635369e-01 3.987259388000000015e+00
9.995381472041580118e-01 2.685778316024853979e-02 -1.421800855943471976e-02 1.735097770000000039e-01 -2.666469103810219926e-02 9.995519094174873942e-01 1.360053791942321746e-02 1.092228599999999980e-02 1.457691790199975961e-02 -1.321513766754575658e-02 9.998064180634700371e-01 4.038414477999999974e+00
9.995079011673753122e-01 2.716284470678105578e-02 -1.568870203119485454e-02 1.749043170000000036e-01 -2.695968128887466647e-02 9.995517376907117058e-01 1.301918831113911025e-02 1.134098099999999998e-02 1.603530756769642671e-02 -1.258981917717234313e-02 9.997921610836402184e-01 4.095078945000000026e+00
9.994509240297920760e-01 2.828064971101579630e-02 -1.726427837813110724e-02 1.767581109999999955e-01 -2.804923853452454333e-02 9.995153477135452214e-01 1.350221843639867053e-02 1.163516799999999955e-02 1.763776271606256121e-02 -1.301055483035611082e-02 9.997597885439172272e-01 4.147165298000000000e+00
9.994185153158382517e-01 2.907997499734181826e-02 -1.780410902122281369e-02 1.779322329999999952e-01 -2.884410503174074727e-02 9.994945749382527778e-01 1.336459030121123735e-02 1.141554399999999969e-02 1.818375233013035108e-02 -1.284327540603627353e-02 9.997521700041671622e-01 4.199523448999999964e+00
9.994315185407305346e-01 2.881510699257913005e-02 -1.750226717816290994e-02 1.792838129999999863e-01 -2.860498057420694101e-02 9.995170747735933059e-01 1.213970025941317303e-02 1.204319000000000049e-02 1.784362165365609848e-02 -1.163214705225867722e-02 9.997731234241276077e-01 4.256772040999999618e+00
9.994613703250806447e-01 2.744769825135316699e-02 -1.798869335484807458e-02 1.809760480000000005e-01 -2.721950660636276303e-02 9.995474023514363537e-01 1.280971945836763444e-02 1.252143600000000037e-02 1.833214902891269760e-02 -1.231317640572784401e-02 9.997561292629234542e-01 4.308196067999999990e+00
9.995423651294513823e-01 2.465753556129534826e-02 -1.752330595138285388e-02 1.821607650000000023e-01 -2.443695871080939566e-02 9.996207992267955866e-01 1.269223393057666849e-02 1.334733899999999973e-02 1.782962030971246489e-02 -1.225820921773405556e-02 9.997658930701655011e-01 4.359610557999999969e+00
9.996173144653774933e-01 2.183407217930005001e-02 -1.698522631864421775e-02 1.837395579999999973e-01 -2.160122346677306737e-02 9.996717827433593273e-01 1.377366804639387245e-02 1.296908100000000036e-02 1.728038673655717464e-02 -1.340149539353107690e-02 9.997608654850679288e-01 4.415932654999999762e+00
9.996961825607854069e-01 1.924388250170936884e-02 -1.540180377920928080e-02 1.851814689999999874e-01 -1.903593902347256936e-02 9.997271695834781813e-01 1.353585690313332569e-02 1.329770499999999994e-02 1.565808413847286085e-02 -1.323855667615892427e-02 9.997897604087794265e-01 4.467675685999999757e+00
9.997465150147694102e-01 1.810968346989151948e-02 -1.337703556262426208e-02 1.867623479999999947e-01 -1.791898211131951954e-02 9.997380210553477031e-01 1.424076319694182399e-02 1.361081500000000007e-02 1.363142677483128798e-02 -1.399745051634402465e-02 9.998091095719846555e-01 4.518766880000000263e+00
9.997688115072923543e-01 1.839338753953362326e-02 -1.113583549252175273e-02 1.887258890000000078e-01 -1.824774146083261300e-02 9.997484268739162960e-01 1.304235004545480602e-02 1.378209600000000062e-02 1.137292701438764875e-02 -1.283613095718853271e-02 9.998529343224308308e-01 4.574443340000000191e+00
9.998343389276980187e-01 1.614924892008817378e-02 -8.396217024962208605e-03 1.904927939999999931e-01 -1.605359348237363551e-02 9.998068481996621459e-01 1.133791997504227100e-02 1.390614899999999959e-02 8.577694172440806716e-03 -1.120125226815300162e-02 9.999004726023031919e-01 4.625197411000000258e+00
9.998553201931025258e-01 1.578539670477352094e-02 -6.337186475184064700e-03 1.930019410000000102e-01 -1.572875814176334305e-02 9.998367736885952484e-01 8.890002660218252611e-03 1.450460599999999975e-02 6.476484298309073857e-03 -8.789040382982629684e-03 9.999404021841902246e-01 4.680533886000000088e+00
9.998519983007847500e-01 1.675743405895945004e-02 -3.894855284505369369e-03 1.953619269999999908e-01 -1.673658015800326415e-02 9.998457456222314965e-01 5.326522856289858665e-03 1.481061399999999972e-02 3.983513341554777674e-03 -5.260547964183272251e-03 9.999782288912965056e-01 4.730267047999999974e+00
9.998626373147703195e-01 1.645463444630551261e-02 -1.987839830193447767e-03 1.981528100000000125e-01 -1.644649666816696068e-02 9.998565730838547827e-01 4.043019707376272268e-03 1.524100500000000018e-02 2.054081131800898456e-03 -4.009771346188704955e-03 9.999898511907284737e-01 4.781309128000000186e+00
9.998621747445790575e-01 1.656895620991735707e-02 1.049383225866448461e-03 2.003821430000000126e-01 -1.657578830159585348e-02 9.998389683317693288e-01 6.876092454584267245e-03 1.515757600000000073e-02 -9.352845671596240465e-04 -6.892539109584624839e-03 9.999758087810931562e-01 4.836250305000000083e+00
9.998319075192437788e-01 1.808947846306672644e-02 2.987888111138891668e-03 2.027753140000000120e-01 -1.811693337728425765e-02 9.997913800510564997e-01 9.432555359338772732e-03 1.543675499999999992e-02 -2.816634771049253243e-03 -9.485101187556833902e-03 9.999510485138901617e-01 4.886818408999999974e+00
9.998408222591024241e-01 1.714994280820691594e-02 4.920325793804664061e-03 2.046692820000000079e-01 -1.719563822657653104e-02 9.998079551366970685e-01 9.400152730518529509e-03 1.577251799999999926e-02 -4.758168788793383161e-03 -9.483264577749950242e-03 9.999437121772033477e-01 4.936234473999999928e+00
9.998522646695932048e-01 1.622175027643418810e-02 5.683630270758533061e-03 2.067824600000000013e-01 -1.627042745709250671e-02 9.998304223534791868e-01 8.625527626002294293e-03 1.593322700000000119e-02 -5.542745298962029575e-03 -8.716728424841847442e-03 9.999466468867819202e-01 4.991000652000000315e+00
9.998728136687788925e-01 1.496523769861676442e-02 5.513451432928715389e-03 2.090442180000000039e-01 -1.500693455179249666e-02 9.998585011083181984e-01 7.600636603969003306e-03 1.631762299999999985e-02 -5.398925952222410028e-03 -7.682409911692848238e-03 9.999559151165170467e-01 5.040565014000000232e+00
9.998667103323837235e-01 1.559385565125103769e-02 4.836655355198175160e-03 2.103439270000000139e-01 -1.563203774701761584e-02 9.998461300961755116e-01 7.959618557284066018e-03 1.654721099999999917e-02 -4.711789996682532594e-03 -8.034164401453986262e-03 9.999566246779895140e-01 5.091584681999999695e+00
9.998696165836896688e-01 1.553982607642051886e-02 4.389036147052570447e-03 2.116655709999999968e-01 -1.557814781256054368e-02 9.998396072105018018e-01 8.836354671445379588e-03 1.630470700000000162e-02 -4.251016762557909001e-03 -8.903575611189040728e-03 9.999513264143512492e-01 5.146601200000000098e+00
9.998349388832771245e-01 1.787750638022978997e-02 3.238788955536955807e-03 2.133247849999999890e-01 -1.790614910919884409e-02 9.997987881416398048e-01 9.041739577513144971e-03 1.650379600000000113e-02 -3.076493515807008240e-03 -9.098241375852432478e-03 9.999538775321159534e-01 5.196992396999999819e+00
9.998135212407499584e-01 1.909716380935930213e-02 2.867242335603462870e-03 2.144726070000000095e-01 -1.912232893861732369e-02 9.997764442792240747e-01 9.022084036125095630e-03 1.658254300000000167e-02 -2.694305130436800821e-03 -9.075229960176327965e-03 9.999551894565246180e-01 5.247050761999999757e+00
9.997456622542867377e-01 2.241545718906565524e-02 2.481548456676656213e-03 2.152754369999999862e-01 -2.243702231874024691e-02 9.997074482103456283e-01 9.033162360296517410e-03 1.662952800000000106e-02 -2.278340011065435686e-03 -9.086543444252628485e-03 9.999561209848307763e-01 5.302662848999999845e+00
9.997047174125632818e-01 2.422879571340076990e-02 1.855651191717795547e-03 2.165351809999999932e-01 -2.424482059431514250e-02 9.996640466541998338e-01 9.164196707801670894e-03 1.664548399999999859e-02 -1.632990329580553349e-03 -9.206480610314836388e-03 9.999562860732239544e-01 5.352650642000000403e+00
9.996602321192969987e-01 2.600363300323862287e-02 1.797606693957144123e-03 2.176961900000000116e-01 -2.601919336472941630e-02 9.996185958040227915e-01 9.255511841203260814e-03 1.697034199999999937e-02 -1.556244146045573234e-03 -9.299139391723956760e-03 9.999555510675117720e-01 5.402801514000000083e+00
9.995886960207515104e-01 2.863310389996638616e-02 1.607528720555128363e-03 2.188440710000000011e-01 -2.864825528412175137e-02 9.995358358873066562e-01 1.036292652868429920e-02 1.692531599999999928e-02 -1.310059811409387083e-03 -1.040471710892941146e-02 9.999450112907077859e-01 5.457517624000000289e+00
9.995313548348659927e-01 3.057754920356053549e-02 1.443671251001430247e-03 2.202736439999999907e-01 -3.059199597740390811e-02 9.994674445636035909e-01 1.135592530877682464e-02 1.714325100000000171e-02 -1.095666051147258652e-03 -1.139476819438857251e-02 9.999344772402342096e-01 5.507697105000000093e+00
9.994763249165060648e-01 3.233901006153443863e-02 1.124437474838650220e-03 2.217885549999999983e-01 -3.234909122552675348e-02 9.994208971468324654e-01 1.055493453807393629e-02 1.761782900000000152e-02 -7.824501756631522826e-04 -1.058578171229939378e-02 9.999436629116973396e-01 5.557337283999999933e+00
9.993670036057034078e-01 3.553931640126017921e-02 1.596588202746647509e-03 2.229949830000000077e-01 -3.555325179597965124e-02 9.993200452604208417e-01 9.767979701156183012e-03 1.797603399999999838e-02 -1.248355273830557225e-03 -9.818560507612530616e-03 9.999510175396936207e-01 5.611026286999999613e+00
9.992818188499431598e-01 3.785353937943044395e-02 1.719323238762889049e-03 2.241997119999999954e-01 -3.786761698500957368e-02 9.992416308296291350e-01 9.066796612906666622e-03 1.811711699999999856e-02 -1.374809014392760044e-03 -9.125391684366776848e-03 9.999574176567624928e-01 5.660768985999999892e+00
9.992684448357119775e-01 3.822271154064203758e-02 1.264704747530327094e-03 2.256336959999999947e-01 -3.823113452331089457e-02 9.992408607371245921e-01 7.488830775951575702e-03 1.862158800000000142e-02 -9.775012419746523153e-04 -7.531703380458051184e-03 9.999711585518408219e-01 5.710416316999999964e+00
9.992157653144728702e-01 3.957296696738243219e-02 1.354486031998175608e-03 2.265091240000000061e-01 -3.958364104508186460e-02 9.991751864668286798e-01 9.059917802740768619e-03 1.851962899999999926e-02 -9.948410056534314969e-04 -9.106428189843028195e-03 9.999580407482090427e-01 5.765011786999999721e+00
9.991958524729100954e-01 4.007541604060430723e-02 1.268633164780063639e-03 2.277258490000000080e-01 -4.008636584812908660e-02 9.991432863050164759e-01 1.028478024567756020e-02 1.899175900000000042e-02 -8.553794621421694465e-04 -1.032736465824678034e-02 9.999463054910454618e-01 5.814236164000000429e+00
9.991720273517803452e-01 4.065195466096899191e-02 1.636563465193223085e-03 2.289584430000000115e-01 -4.066853371850945309e-02 9.991024038123913487e-01 1.185145820089982503e-02 1.905509500000000106e-02 -1.153309550616737032e-03 -1.190820215413465437e-02 9.999284297381171305e-01 5.863430977000000155e+00
9.990922831626285472e-01 4.256402328393541629e-02 1.706940763622398494e-03 2.297169719999999915e-01 -4.257899666979162584e-02 9.990431685887269930e-01 9.988810679466860257e-03 1.980942299999999962e-02 -1.280143538742932290e-03 -1.005242349291760214e-02 9.999486536889977684e-01 5.915961742000000356e+00
9.989960564202727822e-01 4.477238252171989591e-02 1.520861621588961597e-03 2.310412679999999941e-01 -4.478467209906902141e-02 9.989529998175461500e-01 9.340091032984736488e-03 2.007896500000000070e-02 -1.101091150677192517e-03 -9.398825397589022010e-03 9.999552238372594326e-01 5.963733195999999737e+00
9.989833922578519321e-01 4.501404746256112283e-02 2.432596150839272039e-03 2.316909580000000024e-01 -4.503691343742307479e-02 9.989317487406951246e-01 1.034590672135314235e-02 2.009436100000000155e-02 -1.964286390739537064e-03 -1.044494561475423078e-02 9.999435207500871892e-01 6.016842841999999969e+00
9.989742807056225526e-01 4.519021570755853145e-02 2.868953291441723660e-03 2.331607189999999885e-01 -4.522075110691792244e-02 9.989089512129567527e-01 1.166151173549452580e-02 2.042997800000000141e-02 -2.338836892629789048e-03 -1.177928652063547910e-02 9.999278865253506954e-01 6.064074515999999804e+00
9.990301405496480047e-01 4.385472651993419652e-02 3.942237335868267571e-03 2.331819980000000014e-01 -4.390637360332168976e-02 9.989355757580511419e-01 1.414022071738191277e-02 2.046587899999999932e-02 -3.317925610388162104e-03 -1.429959603599069429e-02 9.998922506564651425e-01 6.111255168999999654e+00
9.991515847908881698e-01 4.098936643771857596e-02 3.997805509410687352e-03 2.348337620000000014e-01 -4.105012162547503479e-02 9.990203463510315407e-01 1.652982429424814520e-02 2.083008600000000113e-02 -3.316342019507486673e-03 -1.667991054230925918e-02 9.998553807725947262e-01 6.162811278999999587e+00
9.991948175247554742e-01 3.990042683961573383e-02 4.203875555622917613e-03 2.347294839999999883e-01 -3.996336745255298778e-02 9.990708357126458772e-01 1.613674348459618810e-02 2.103760799999999931e-02 -3.556106511751375501e-03 -1.629175148508903506e-02 9.998609568035073947e-01 6.210137366999999742e+00
9.992510364554760827e-01 3.848047210979520932e-02 4.076690920846504085e-03 2.355222999999999900e-01 -3.853524043270396132e-02 9.991543895089944893e-01 1.433670707318257867e-02 2.123671200000000134e-02 -3.521560371559343157e-03 -1.448306566704088763e-02 9.998889135406161532e-01 6.256885528999999835e+00
9.992977480016258518e-01 3.718735546041541939e-02 4.594717917336454092e-03 2.357762160000000107e-01 -3.724576081300852437e-02 9.992168636295830630e-01 1.335712318275543257e-02 2.177022600000000016e-02 -4.094403538897899326e-03 -1.351887688086017038e-02 9.999002329370370035e-01 6.307956219000000253e+00
9.993752734912157987e-01 3.498739348686404765e-02 4.994500110434060142e-03 2.370832260000000080e-01 -3.506598634817050669e-02 9.992466778717997711e-01 1.662688676816952149e-02 2.177604500000000082e-02 -4.409006213162092180e-03 -1.679163658393530850e-02 9.998492894456870728e-01 6.354877948999999582e+00
9.993185725620309379e-01 3.652966102328034786e-02 5.289082917587444900e-03 2.381582859999999968e-01 -3.662416556253009908e-02 9.991478045547139697e-01 1.903510310829673383e-02 2.195397400000000110e-02 -4.589229721126066204e-03 -1.921584031520184518e-02 9.998048261793636149e-01 6.401104927000000444e+00
9.994197257525756495e-01 3.366969209851188027e-02 5.153989778602990554e-03 2.393054069999999978e-01 -3.375327226808971792e-02 9.992840024438441882e-01 1.709383137296355964e-02 2.247621099999999941e-02 -4.574755495405494199e-03 -1.725787628309215227e-02 9.998406059559467041e-01 6.452203274000000377e+00
9.994421761833304219e-01 3.311571199429616530e-02 4.322740454801517022e-03 2.410666640000000138e-01 -3.318368592852219412e-02 9.993091522086451350e-01 1.673503212534349291e-02 2.259512400000000115e-02 -3.765561595027547802e-03 -1.686914138745389605e-02 9.998506151494452876e-01 6.498723029999999845e+00
9.994209846109041173e-01 3.368357130219191975e-02 4.807550696672699408e-03 2.423383000000000065e-01 -3.376321141967050798e-02 9.992752872975566580e-01 1.757685270508854009e-02 2.246833599999999848e-02 -4.212015432255205097e-03 -1.772899378746296828e-02 9.998339570675135457e-01 6.544877052000000361e+00
9.994556221649920635e-01 3.256666306846757453e-02 5.279373009509964396e-03 2.436563220000000085e-01 -3.266290055996634578e-02 9.992800194112719803e-01 1.930227272674867739e-02 2.261437700000000148e-02 -4.646961351074766280e-03 -1.946420463293955377e-02 9.997997551951134376e-01 6.595816612000000134e+00
9.994533496631627933e-01 3.258972565373516317e-02 5.559822739801364988e-03 2.449563150000000078e-01 -3.269855563576068436e-02 9.992496843376359461e-01 2.075747601395746059e-02 2.292437900000000167e-02 -4.879170669160862520e-03 -2.092792710588490049e-02 9.997690811185511173e-01 6.641880512000000181e+00
9.994833477983631198e-01 3.158566655710597082e-02 5.948373048126403759e-03 2.465856220000000043e-01 -3.170392708335563470e-02 9.992774170613082374e-01 2.096436879024641403e-02 2.305881499999999987e-02 -5.281901293059930794e-03 -2.114212428833740082e-02 9.997625278531431237e-01 6.687324524000000103e+00
9.995553280564944965e-01 2.901697981234755558e-02 6.867389347007491103e-03 2.474411280000000102e-01 -2.915029079817200303e-02 9.993712931442001457e-01 2.018115422048985530e-02 2.289742399999999956e-02 -6.277475627637754511e-03 -2.037236662390998210e-02 9.997727541686087793e-01 6.735733031999999731e+00
9.996447707427245088e-01 2.581461349092508198e-02 6.628578809955404383e-03 2.496728300000000123e-01 -2.592521769952469898e-02 9.995162380778135347e-01 1.718059678846054275e-02 2.321568699999999874e-02 -6.181861690291398995e-03 -1.734634108651037995e-02 9.998304301415077422e-01 6.781041622000000046e+00
