9.999993317436194351e-01 -9.923469155317641861e-04 -5.930935118872238468e-04 2.244465000000000175e-03 9.913359310040517191e-04 9.999980594301675074e-01 -1.702465556524348318e-03 9.684499999999999858e-05 5.947817973916628542e-04 1.701876463932098420e-03 9.999983749242371545e-01 5.601718599999999659e-02
9.999966555453847494e-01 2.581990905761543612e-03 -1.490671250399724500e-04 3.573043000000000139e-03 -2.581811865585804684e-03 9.999959602274811621e-01 1.189023216194426934e-03 2.119920000000000127e-04 1.521365699736505880e-04 -1.188634376288046773e-03 9.999992820011339711e-01 1.068235780000000024e-01
9.999957789685817167e-01 2.883261119799312207e-03 -3.589572876154574098e-04 5.485641000000000302e-03 -2.881287782727634614e-03 9.999813679073425998e-01 5.381637192621642474e-03 4.997989999999999898e-04 3.744672647683663751e-04 -5.380580217314643102e-03 9.999854544596099570e-01 1.576718239999999882e-01
9.999926396202619694e-01 3.836300984171438742e-03 5.916130202142799998e-05 6.883318999999999722e-03 -3.836635410177203533e-03 9.999648554700674152e-01 7.454398262540885833e-03 7.169270000000000156e-04 -3.056190743428679779e-05 -7.454570375685202338e-03 9.999722138372064695e-01 2.159041319999999986e-01
9.999955177575987619e-01 2.907165502844028752e-03 -7.161378714611129530e-04 9.019172000000000647e-03 -2.901060933029780183e-03 9.999606560299298952e-01 8.382734497465080606e-03 7.783850000000000361e-04 7.404796923046631915e-04 -8.380619364415519204e-03 9.999646078281441142e-01 2.640038129999999761e-01
9.999987756350480206e-01 1.555365115150900276e-03 -1.719527942030946567e-04 1.018521699999999988e-02 -1.553945172420485377e-03 9.999670271497497209e-01 7.970562570656780990e-03 8.494390000000000100e-04 1.843442593998883378e-04 -7.970285606564887423e-03 9.999682197772805647e-01 3.211123940000000232e-01
9.999963305992326523e-01 2.668685560097429008e-03 -4.657310935990623558e-04 1.151944000000000058e-02 -2.665702711856762601e-03 9.999766528720944736e-01 6.291878874753812668e-03 1.097929000000000092e-03 4.825112664145881193e-04 -6.290614286689438610e-03 9.999800974793318087e-01 3.799790740000000278e-01
9.999947855885149561e-01 2.886422603359591055e-03 -1.448226617210981483e-03 1.310903000000000068e-02 -2.877985629102544803e-03 9.999790709769317276e-01 5.794377173701422898e-03 1.404457999999999922e-03 1.464921328489264540e-03 -5.790178984042522806e-03 9.999821637573512723e-01 4.213835599999999904e-01
9.999922599948715130e-01 3.877515652900715044e-03 -6.669503060214019338e-04 1.300619800000000006e-02 -3.873613302012720097e-03 9.999759311621480018e-01 5.756059101616878976e-03 1.468090999999999927e-03 6.892534625681720484e-04 -5.753431042112726324e-03 9.999832113395243915e-01 4.790946540000000087e-01
9.999859773519632622e-01 4.798550132992800317e-03 -2.240316062558055099e-03 1.569607500000000030e-02 -4.783937546868921066e-03 9.999675419471836246e-01 6.482977221564876699e-03 1.796117999999999977e-03 2.271352237469700941e-03 -6.472168780928542683e-03 9.999764757184463893e-01 5.369409320000000374e-01
9.999913921056403643e-01 4.032549883183295450e-03 -9.768603088358212509e-04 1.730663699999999972e-02 -4.025119906151919738e-03 9.999638324455708549e-01 7.492143251931124986e-03 1.993262999999999893e-03 1.007037419582798967e-03 -7.488146780478861439e-03 9.999714563593450345e-01 5.781506899999999671e-01
9.999775457005095625e-01 6.701185531501996188e-03 -4.698145936212375453e-05 1.834813500000000153e-02 -6.700671348720921121e-03 9.999514602622913140e-01 7.223442585600392887e-03 1.800994999999999896e-03 9.538480783666987970e-05 -7.222965580938555535e-03 9.999739094946201723e-01 6.347275970000000322e-01
9.999912850730802161e-01 4.174604086524626168e-03 4.958437528760163883e-05 2.024805899999999881e-02 -4.174837447506501292e-03 9.999703759632710964e-01 6.466678294236527513e-03 2.157834999999999875e-03 -2.258708476488704373e-05 -6.466828944314542346e-03 9.999790895879916430e-01 6.903890969999999516e-01
9.999868942765426372e-01 4.985143442360089570e-03 -1.166027449840092078e-03 2.437142700000000106e-02 -4.976729032470080492e-03 9.999623308349703255e-01 7.111193938479636913e-03 2.739984999999999903e-03 1.201433848389417544e-03 -7.105297738476150891e-03 9.999740353132953175e-01 7.325950860000000064e-01
9.999803533594611160e-01 6.100279400296788022e-03 -1.442042414631348069e-03 2.605752999999999889e-02 -6.088082535729466734e-03 9.999468857581548242e-01 8.316304083293335828e-03 3.109150000000000195e-03 1.492697600127704770e-03 -8.307361422616102789e-03 9.999643791656123160e-01 7.921731469999999664e-01
9.999873364535931675e-01 4.800508596753474966e-03 -1.510645445057398400e-03 2.872006400000000001e-02 -4.787676547086486614e-03 9.999533723306005539e-01 8.386376925687232670e-03 3.586133000000000029e-03 1.550833881708382897e-03 -8.379038242645586027e-03 9.999636926570881768e-01 8.361851569999999567e-01
9.999985841131727726e-01 1.602140866199440027e-03 -5.147001988586143509e-04 2.957489699999999930e-02 -1.596930187971276009e-03 9.999490286768742964e-01 9.969446431488676250e-03 2.606614000000000153e-03 5.306464214497397594e-04 -9.968610375595486281e-03 9.999501713693312865e-01 8.851881619999999451e-01
9.999957958409648739e-01 2.760980740742139620e-03 -8.861634975909962178e-04 3.194295999999999941e-02 -2.753022992951038601e-03 9.999569686577716165e-01 8.858989624139970015e-03 3.138784999999999839e-03 9.105848645209459148e-04 -8.856512751054316374e-03 9.999603657231095344e-01 9.389984609999999510e-01
9.999926327169997853e-01 3.553626723109362152e-03 -1.451292126456121042e-03 3.417601099999999920e-02 -3.545335462534923709e-03 9.999776055255777951e-01 5.676182149130994982e-03 3.266838000000000207e-03 1.471430658102104196e-03 -5.670995013648319309e-03 9.999828372064060167e-01 9.864860180000000200e-01
9.999932325024539770e-01 2.653525489199240472e-03 -2.548284083686206455e-03 3.694262400000000029e-02 -2.644200600985263487e-03 9.999898219598694071e-01 3.655705109872664331e-03 4.313487999999999871e-03 2.557958653838581734e-03 -3.648942195591740358e-03 9.999900709848965619e-01 1.035806060000000084e+00
9.999863890099870423e-01 5.181454921141285912e-03 -6.118166939365505272e-04 3.656715199999999860e-02 -5.177453209283515261e-03 9.999663046515420151e-01 6.370521156475305452e-03 3.402197000000000034e-03 6.448046467563095475e-04 -6.367266795069952481e-03 9.999795208605664065e-01 1.088163017999999926e+00
9.999637382302534183e-01 8.374270334388356912e-03 -1.547197771434224165e-03 3.964393199999999978e-02 -8.361733224584978752e-03 9.999335224970138380e-01 7.939269751988173654e-03 3.866563999999999852e-03 1.613580508750534848e-03 -7.926044605006064489e-03 9.999672865523457910e-01 1.136840105000000101e+00
9.999509209928504339e-01 9.777766400921079556e-03 -1.597150512404174084e-03 4.175076600000000165e-02 -9.763024625030149520e-03 9.999119202636531645e-01 8.990832265416078689e-03 3.638361000000000112e-03 1.684920093449237839e-03 -8.974797984512561388e-03 9.999583061535195494e-01 1.183892845999999999e+00
9.999248954628596753e-01 1.211608464715510647e-02 -1.844973282184473023e-03 4.391697399999999751e-02 -1.209847987115322127e-02 9.998838254049660090e-01 9.271595242384600769e-03 4.166651000000000382e-03 1.957094375931459074e-03 -9.248577531398046239e-03 9.999553157992857599e-01 1.237566948000000000e+00
9.999068376914245215e-01 1.328459447386894088e-02 -3.136158095507503383e-03 4.846432099999999771e-02 -1.325656765947930138e-02 9.998734527694359553e-01 8.794422142256242900e-03 3.656148000000000124e-03 3.252591555177793917e-03 -8.752028141602965702e-03 9.999564103757642153e-01 1.286477684999999926e+00
9.998713402063210687e-01 1.593487358771314769e-02 -1.839249237879758258e-03 4.838052000000000324e-02 -1.592243275508466518e-02 9.998515040587198088e-01 6.591355450558078824e-03 4.024194000000000035e-03 1.944008532709257456e-03 -6.561222085815764452e-03 9.999765853236591839e-01 1.334396005000000107e+00
9.998238499479729091e-01 1.836573425759616129e-02 -3.868963736295594376e-03 5.150749200000000194e-02 -1.834751661638343162e-02 9.998206576196775330e-01 4.692678442763510357e-03 4.722437000000000336e-03 3.954454352365890414e-03 -4.620865950771803343e-03 9.999815047732832918e-01 1.387509464999999942e+00
9.997767613039201251e-01 2.088633201348182380e-02 -3.191973005335851411e-03 5.168251299999999937e-02 -2.086289231994773244e-02 9.997563611174762332e-01 7.208198747859283911e-03 4.508100000000000128e-03 3.341748148866738669e-03 -7.139995809871225313e-03 9.999689261067787882e-01 1.435627937000000021e+00
9.997428896869021697e-01 2.250862733049647027e-02 -2.741571844643415912e-03 5.541721399999999936e-02 -2.248135152058837807e-02 9.997011351862888917e-01 9.603600421353723077e-03 4.563000999999999689e-03 2.956916348200041254e-03 -9.539496996284146935e-03 9.999501260776797462e-01 1.485658646000000083e+00
9.996944894733499343e-01 2.446059379353190608e-02 -3.550643305951296878e-03 5.679494499999999946e-02 -2.442246346642464386e-02 9.996475043590322684e-01 1.041202703558410415e-02 4.362918999999999825e-03 3.804076083548012677e-03 -1.032213059529906753e-02 9.999394894818007806e-01 1.539602756999999933e+00
9.997128000838350070e-01 2.349915799800888355e-02 -4.701799859941875083e-03 5.811398100000000205e-02 -2.345168924880898509e-02 9.996758685318789528e-01 9.908387679682840662e-03 4.099682000000000326e-03 4.933114626240852306e-03 -9.795276842346453336e-03 9.999398566572222924e-01 1.589380980000000054e+00
9.996925960838394243e-01 2.393354613824279914e-02 -6.472920855555044407e-03 6.034040100000000184e-02 -2.387297777372471980e-02 9.996719463519817550e-01 9.277963626564609406e-03 4.698853999999999705e-03 6.692851960780368988e-03 -9.120583648496063955e-03 9.999360082958018703e-01 1.642123103000000084e+00
9.996915138565287684e-01 2.382684071349079266e-02 -7.011332601993762459e-03 6.275011599999999468e-02 -2.375481623171321957e-02 9.996659563068890364e-01 1.018255895296732785e-02 4.636992000000000370e-03 7.251608720785845605e-03 -1.001286485712547802e-02 9.999235754337996163e-01 1.692392348999999907e+00
9.996738934052425973e-01 2.430485720795022911e-02 -7.834587424020147614e-03 6.478842299999999776e-02 -2.421498657852029848e-02 9.996421291831628642e-01 1.136872847572673387e-02 4.380191999999999766e-03 8.108098976057626431e-03 -1.117530662907590192e-02 9.999046810835223731e-01 1.741352081000000052e+00
9.996744300705258102e-01 2.427999920144876742e-02 -7.843181876439415251e-03 6.798026699999999700e-02 -2.419937650062414444e-02 9.996549552822613371e-01 1.021570147375803692e-02 4.730789000000000001e-03 8.088512851587771613e-03 -1.002257543735886672e-02 9.999170585310823700e-01 1.796694636000000012e+00
9.996761935069417015e-01 2.440546200057830059e-02 -7.202885533587076450e-03 7.088575499999999474e-02 -2.432243637111313264e-02 9.996391916677268563e-01 1.139761250731129855e-02 4.721221000000000272e-03 7.478450671414650641e-03 -1.121873016129698586e-02 9.999091023033659376e-01 1.847027420999999947e+00
9.996630237358754556e-01 2.565268205418676922e-02 -3.972263671182245381e-03 7.239390900000000628e-02 -2.559968167081867751e-02 9.995895106917124240e-01 1.286337488592442790e-02 5.107776999999999977e-03 4.300613165507956304e-03 -1.275735154841651370e-02 9.999093732473313123e-01 1.896295547000000026e+00
9.996307006206843759e-01 2.713439477640665343e-02 -1.478849795554894059e-03 7.517538199999999893e-02 -2.711506144456277828e-02 9.995624752894299858e-01 1.181657463587362789e-02 6.170385999999999926e-03 1.798838363300786242e-03 -1.177211167912121242e-02 9.999290882693417926e-01 1.951108931999999907e+00
9.996836635986997566e-01 2.514520532369445699e-02 5.397991394672353813e-04 7.833543399999999546e-02 -2.514982666760137014e-02 9.996140129182030654e-01 1.180302487314412001e-02 5.001260000000000427e-03 -2.428013000967543398e-04 -1.181286700152421425e-02 9.999301961740794109e-01 1.999789714999999912e+00
9.997474894541070745e-01 2.228645392072344661e-02 2.875987108728386525e-03 8.109164200000000544e-02 -2.231663010050907031e-02 9.996912519423510890e-01 1.092560345663475679e-02 5.228591999999999788e-03 -2.631606195302356628e-03 -1.098702696702103659e-02 9.999361779069996237e-01 2.049746274999999951e+00
9.997255466586468797e-01 2.277395918322330098e-02 5.493463496787593346e-03 8.397284900000000218e-02 -2.283532528994942218e-02 9.996744755255073667e-01 1.137940691354421413e-02 5.257855999999999988e-03 -5.232521091391312447e-03 -1.150172882321178272e-02 9.999201622915229182e-01 2.103702784000000214e+00
9.997472865766897643e-01 2.107189596683397420e-02 7.831869694335146653e-03 8.869930400000000659e-02 -2.117313337314297855e-02 9.996903053655579185e-01 1.307638257625776991e-02 4.549606000000000310e-03 -7.553900033043737562e-03 -1.323890322045164457e-02 9.998838282699696878e-01 2.153077364000000049e+00
9.997615095253852280e-01 1.956617462625737450e-02 9.699942371886528109e-03 9.384782599999999531e-02 -1.968638986499423107e-02 9.997285999556947411e-01 1.245682482456340022e-02 5.257015000000000299e-03 -9.453577397290933992e-03 -1.264481083769973015e-02 9.998753615492643743e-01 2.203331470000000181e+00
9.997134264809833804e-01 2.022286140289625625e-02 1.281018307171127510e-02 9.726202500000000195e-02 -2.036122463715514183e-02 9.997347400848562993e-01 1.076429276544323653e-02 5.416574999999999862e-03 -1.258910024294094057e-02 -1.102203901935191500e-02 9.998600048061374590e-01 2.260310410999999853e+00
9.997548308900774394e-01 1.718769248377739756e-02 1.395927430190649701e-02 1.027115660000000041e-01 -1.733308952696258759e-02 9.997960708059244750e-01 1.036247115726739859e-02 5.029172999999999630e-03 -1.377832063072510424e-02 -1.060188795064354733e-02 9.998488675057241037e-01 2.310884476000000021e+00
9.997116849098482971e-01 1.777881369399275310e-02 1.613879916060887917e-02 1.056377520000000014e-01 -1.794193983527099176e-02 9.997888228108267050e-01 1.001980925412095103e-02 5.813546000000000165e-03 -1.595725069238715030e-02 -1.030648175546571357e-02 9.998195550118854635e-01 2.361496686999999817e+00
9.997398599003889386e-01 1.335520137160954059e-02 1.848921638887405378e-02 1.096530410000000066e-01 -1.355891274899730624e-02 9.998482609317308478e-01 1.093668125432179297e-02 5.589410999999999859e-03 -1.834034927191760533e-02 -1.118452985678495409e-02 9.997692423156789854e-01 2.419807195999999827e+00
9.997368858084272336e-01 1.209560253227785938e-02 1.948988336160543261e-02 1.137816090000000058e-01 -1.227460704306248922e-02 9.998833354391117867e-01 9.091178861684727150e-03 6.553240000000000107e-03 -1.937764629686049983e-02 -9.328017503086918558e-03 9.997687207116733310e-01 2.470292091000000134e+00
9.997486742228949286e-01 1.055956279981527628e-02 1.977584443306116407e-02 1.172797609999999963e-01 -1.064330540405856139e-02 9.999348123622239237e-01 4.134135483986367196e-03 6.385575999999999579e-03 -1.973090062921144944e-02 -4.343576821097417523e-03 9.997958916202643875e-01 2.521289587000000054e+00
9.997500100154990132e-01 1.058423500703742012e-02 1.969495984574204037e-02 1.221274209999999999e-01 -1.060654875661980884e-02 9.999432196817229501e-01 1.028851798340278982e-03 6.589865999999999779e-03 -1.968295195043249721e-02 -1.237490147558690254e-03 9.998055060963865204e-01 2.578100204000000062e+00
9.997104838542024696e-01 1.220945025788317331e-02 2.073349455341816361e-02 1.254062499999999969e-01 -1.229566974811401384e-02 9.999162597610451453e-01 4.036083612527097825e-03 5.842052999999999829e-03 -2.068247996352608198e-02 -4.289847302908633350e-03 9.997768912275758479e-01 2.628496646999999964e+00
9.996105305581551859e-01 1.404943406020675925e-02 2.411224999520878570e-02 1.262825880000000012e-01 -1.420514591701301302e-02 9.998792628553765383e-01 6.298693615768471976e-03 7.154258000000000145e-03 -2.402084567037372775e-02 -6.638758496651023938e-03 9.996894146978366757e-01 2.680620670000000150e+00
9.995836625782856810e-01 1.378894329512847169e-02 2.534495116159574818e-02 1.280725000000000058e-01 -1.400936562380134670e-02 9.998653940127582018e-01 8.539995932698543277e-03 5.972179000000000203e-03 -2.522378205976643500e-02 -8.891507100350656487e-03 9.996422869807408684e-01 2.735921621000000137e+00
9.995947665451389019e-01 1.276396641119165350e-02 2.544373905351417567e-02 1.307916640000000019e-01 -1.294117534166952348e-02 9.998930537143494446e-01 6.812276753722900854e-03 6.985924000000000127e-03 -2.535406626846107778e-02 -7.138788079717730758e-03 9.996530443250835063e-01 2.788912772999999845e+00
9.996283444588638378e-01 1.024198228411766533e-02 2.526410008931470955e-02 1.327263409999999977e-01 -1.041927634190736689e-02 9.999219389012711234e-01 6.895997711256219784e-03 6.924145999999999947e-03 -2.519149925951333704e-02 -7.156668415855344662e-03 9.996570264156819929e-01 2.844675064000000031e+00
9.996802521006769027e-01 9.366607608923997047e-03 2.348744817615370725e-02 1.358994249999999904e-01 -9.534172504826753797e-03 9.999298198149664252e-01 7.032424863224664285e-03 7.269145999999999767e-03 -2.341992985846167233e-02 -7.254109642757128676e-03 9.996993972083385582e-01 2.896480798999999884e+00
9.997149263429884192e-01 7.953057335529511648e-03 2.251255041196105824e-02 1.383447349999999965e-01 -8.116634256127576788e-03 9.999412534276161946e-01 7.184005982749544321e-03 7.894755999999999302e-03 -2.245409306530914487e-02 -7.364684149758570809e-03 9.997207485753153433e-01 2.946909428000000108e+00
9.997680793351878537e-01 9.115279163405352186e-03 1.951151527182635320e-02 1.416213960000000105e-01 -9.247186916125752637e-03 9.999349248089037800e-01 6.680994054052472562e-03 7.871668999999999541e-03 -1.944934643034972044e-02 -6.859871222205270701e-03 9.997873099265898178e-01 2.998952866000000217e+00
9.998344362074015335e-01 8.983673066894164866e-03 1.582383619905886052e-02 1.454367639999999962e-01 -9.100824972645877448e-03 9.999315950466888259e-01 7.347122715861127522e-03 7.293374000000000038e-03 -1.575674962182081057e-02 -7.489916262003056512e-03 9.998478014156670923e-01 3.053660869999999861e+00
9.998004311628770902e-01 1.115437447208450679e-02 1.657340570497647242e-02 1.472676689999999899e-01 -1.128243775277682458e-02 9.999070591971375155e-01 7.653728900805195461e-03 8.137774999999999870e-03 -1.648649280107668952e-02 -7.839189873246721341e-03 9.998333574437548998e-01 3.105397700999999788e+00
9.997821784191281980e-01 1.496627200503198793e-02 1.454669783056500992e-02 1.509114209999999900e-01 -1.511855694823000668e-02 9.998314568557626902e-01 1.041571492919422283e-02 7.766478999999999744e-03 -1.438836166161718347e-02 -1.063337124126252815e-02 9.998399404228358600e-01 3.157407284000000036e+00
9.997680694736774676e-01 1.653986331629656373e-02 1.379275833016273788e-02 1.515116099999999910e-01 -1.666907853751168136e-02 9.998177479735553819e-01 9.306592168906533541e-03 8.387920999999999572e-03 -1.363631480959257535e-02 -9.534346257940931602e-03 9.998615639976603520e-01 3.211544752000000003e+00
9.997567626385115425e-01 1.764520085688801865e-02 1.323111655466510314e-02 1.539234670000000083e-01 -1.774493961800314296e-02 9.998147225538929206e-01 7.459067129045894411e-03 8.100146000000000776e-03 -1.309704838948368491e-02 -7.692038169579552657e-03 9.998846432825545527e-01 3.264683484999999941e+00
9.997377039713382096e-01 2.068162256022547732e-02 9.838381289285269560e-03 1.562913659999999871e-01 -2.074742864185154592e-02 9.997627367652404118e-01 6.634333457696624595e-03 8.038556000000000520e-03 -9.698838222605019044e-03 -6.836714412128625309e-03 9.999295934580487710e-01 3.314121722999999964e+00
9.996954826847548325e-01 2.322501225672219533e-02 8.339106988767991738e-03 1.582189049999999930e-01 -2.327965272557717957e-02 9.997077561488826314e-01 6.516138790939591911e-03 8.251223999999999711e-03 -8.185332532740638087e-03 -6.708286028589162224e-03 9.999439980468342037e-01 3.370172500999999876e+00
9.997221162234514180e-01 2.327282418668836020e-02 3.750465048413427049e-03 1.634007690000000013e-01 -2.329118748515080980e-02 9.997165710213977707e-01 4.929321530410604724e-03 8.248902000000000664e-03 -3.634682824598568004e-03 -5.015304536527013732e-03 9.999808177166052969e-01 3.421888590000000008e+00
9.996797313698556620e-01 2.496288172650794335e-02 4.158031289176421057e-03 1.645613009999999932e-01 -2.498502907970025916e-02 9.996734429016709278e-01 5.362450839517017911e-03 7.859222000000000777e-03 -4.022811228472789567e-03 -5.464621947406805152e-03 9.999769771833709742e-01 3.474853516000000031e+00
9.996690660496151404e-01 2.553059828000419154e-02 3.153876179448324157e-03 1.646406350000000074e-01 -2.554739702152089217e-02 9.996589938757982630e-01 5.406151001565267546e-03 9.608586000000000557e-03 -3.014778418894152948e-03 -5.484935249571025982e-03 9.999804131063733115e-01 3.529884814999999953e+00
9.996628179196640485e-01 2.583263879442651567e-02 2.631585421994911324e-03 1.655027719999999924e-01 -2.585291628825694271e-02 9.996338486102189780e-01 7.987204273977140806e-03 9.584303000000000614e-03 -2.424291300348369298e-03 -8.052545289444205945e-03 9.999646390378273964e-01 3.582034111000000021e+00
9.996476470104781464e-01 2.646046530390439022e-02 2.103711557049474552e-03 1.661623269999999986e-01 -2.647831743516066566e-02 9.996091694627525781e-01 8.966996809908533983e-03 1.016768399999999975e-02 -1.865618454362612949e-03 -9.019540004175100739e-03 9.999575827833377950e-01 3.632070779999999832e+00
9.996323509330399260e-01 2.710657489097403547e-02 -6.297346772328512449e-04 1.677906959999999892e-01 -2.709945267677081257e-02 9.995884104707086770e-01 9.414314487075048712e-03 1.032761599999999953e-02 8.846653057245522020e-04 -9.393787858053214215e-03 9.999554860677423163e-01 3.687426804999999863e+00
9.996168898196876595e-01 2.756973709558128635e-02 -2.446054720326003729e-03 1.692445429999999973e-01 -2.754529315154571542e-02 9.995752251222285167e-01 9.519776627706715358e-03 1.055594299999999992e-02 2.707473436565688719e-03 -9.448752210030239226e-03 9.999516941679050808e-01 3.738451718999999951e+00
9.996240934431706027e-01 2.715043889713536496e-02 -3.811230196714552286e-03 1.704123170000000076e-01 -2.711001783327424142e-02 9.995795498897065423e-01 1.028447253734158032e-02 1.104486799999999935e-02 4.088855707772349156e-03 -1.017728401808161778e-02 9.999398502655129084e-01 3.794971228000000085e+00
9.996420001683281598e-01 2.629204019310953794e-02 -4.959851000591754440e-03 1.712934969999999890e-01 -2.622543711190973570e-02 9.995709116912172565e-01 1.304679842252397248e-02 1.110267199999999919e-02 5.300749735030494368e-03 -1.291205341038439286e-02 9.999025857197159084e-01 3.846465826000000199e+00
9.996804386914039942e-01 2.434971956587370437e-02 -6.790556297181949731e-03 1.731712519999999977e-01 -2.425129368348771450e-02 9.996047753109416067e-01 1.421857694142316351e-02 1.151324199999999992e-02 7.134090862830314191e-03 -1.404935345933217526e-02 9.998758525011670617e-01 3.897597312999999897e+00
9.997172564409843032e-01 2.256989969372782956e-02 -7.483769232561015075e-03 1.736800669999999935e-01 -2.246681818108653417e-02 9.996553087401738313e-01 1.358329077969251675e-02 1.223452400000000009e-02 7.787763153124393004e-03 -1.341131370905716477e-02 9.998797364731760728e-01 3.955033541000000152e+00
9.996989293068124782e-01 2.181317719943735162e-02 -1.123548144401191780e-02 1.769540910000000078e-01 -2.165440913344166690e-02 9.996665908429740455e-01 1.406391543872347917e-02 1.185141999999999966e-02 1.153851411119766711e-02 -1.381638349395358616e-02 9.998379719930893250e-01 4.006442070000000300e+00
9.996456309671012397e-01 2.285690088087639210e-02 -1.364458026133255446e-02 1.785764689999999877e-01 -2.269441653307201906e-02 9.996710654465551515e-01 1.194673039675437157e-02 1.260191899999999962e-02 1.391315731994651785e-02 -1.163284105758775888e-02 9.998355370071216885e-01 4.058535099000000201e+00
9.996269263502542968e-01 2.300699445364075973e-02 -1.472026907883884975e-02 1.802496909999999897e-01 -2.283568054102513845e-02 9.996707420639473485e-01 1.170210047576785047e-02 1.243576199999999951e-02 1.498465247416574941e-02 -1.136158736827136938e-02 9.998231716272141245e-01 4.114779948999999881e+00
9.995750177086826227e-01 2.385106729605503476e-02 -1.676038667590418543e-02 1.821253599999999861e-01 -2.364502738460949952e-02 9.996436892539702912e-01 1.238576661708461549e-02 1.266151199999999977e-02 1.704982852312126110e-02 -1.198420308367956558e-02 9.997828175277775342e-01 4.166920185000000387e+00
9.995491178727596848e-01 2.507970704627359923e-02 -1.650967153704570659e-02 1.833581780000000105e-01 -2.488074040649880178e-02 9.996166065466433048e-01 1.214860786254269576e-02 1.256969099999999916e-02 1.680802536327396027e-02 -1.173235742067682899e-02 9.997898989651481383e-01 4.219037532999999840e+00
9.995725177915716353e-01 2.456106884364355272e-02 -1.585987304729066100e-02 1.842020450000000087e-01 -2.436308749332620135e-02 9.996242975691447263e-01 1.255801246960125579e-02 1.205003600000000008e-02 1.616235266323894776e-02 -1.216624866801308859e-02 9.997953594359884066e-01 4.276263713999999716e+00
9.996170700248863117e-01 2.302179017354412729e-02 -1.535286592355832903e-02 1.850041600000000008e-01 -2.282352291197660074e-02 9.996554179238331672e-01 1.296658079112587153e-02 1.260932300000000041e-02 1.564608950338488777e-02 -1.261120901149537926e-02 9.997980582550259898e-01 4.328500747999999732e+00
9.996452283680061779e-01 2.082386051448114478e-02 -1.660675267323687490e-02 1.882658449999999872e-01 -2.059930145084572922e-02 9.996955732527650351e-01 1.358048594721499025e-02 1.282595499999999999e-02 1.688449527862210045e-02 -1.323358047161658432e-02 9.997698666028533854e-01 4.378153800999999845e+00
9.996961266464342577e-01 1.854725687409516585e-02 -1.623741452826785517e-02 1.901553420000000050e-01 -1.832797056946742012e-02 9.997401910758215715e-01 1.355123029413080916e-02 1.315638600000000082e-02 1.648453405229309207e-02 -1.324951358073805409e-02 9.997763302493976045e-01 4.434354781999999773e+00
9.997599092443768543e-01 1.627403463802042441e-02 -1.467241167210736087e-02 1.914574059999999966e-01 -1.607666442160883905e-02 9.997800141856287848e-01 1.347086099916726051e-02 1.366374100000000008e-02 1.488840920818128820e-02 -1.323174333126291013e-02 9.998016084402271408e-01 4.486216068000000057e+00
9.997998183739710276e-01 1.530455322724810947e-02 -1.288773951819617569e-02 1.931001099999999915e-01 -1.511283613925220974e-02 9.997756009051670389e-01 1.484419140742558249e-02 1.339725599999999975e-02 1.311203123862425199e-02 -1.464644957750869600e-02 9.998067594048215545e-01 4.536811829000000351e+00
9.998282274065479758e-01 1.545688428095939870e-02 -1.022743415550344051e-02 1.949564960000000069e-01 -1.532131771754940974e-02 9.997954432790199242e-01 1.320336403746884442e-02 1.389094700000000071e-02 1.042942493515508842e-02 -1.304439829325405344e-02 9.998605256577983713e-01 4.593497275999999907e+00
9.998760087646056949e-01 1.376580599273753702e-02 -7.646547085604023068e-03 1.967003489999999966e-01 -1.367728009213008133e-02 9.998401978305151427e-01 1.151133404596201525e-02 1.410208100000000069e-02 7.803787941984983469e-03 -1.140532277520515426e-02 9.999045051934458694e-01 4.644616604000000315e+00
9.999008487376719323e-01 1.293495054664987529e-02 -5.565945385910772182e-03 1.987796719999999906e-01 -1.288131577870368222e-02 9.998712682418343656e-01 9.566537946136969076e-03 1.437336999999999990e-02 5.688971567211321446e-03 -9.493892711700565104e-03 9.999387489259959905e-01 4.700119018999999732e+00
9.999011410241458453e-01 1.379680807733194361e-02 -2.712243626323899461e-03 2.012517749999999939e-01 -1.378121145736721856e-02 9.998888596287226482e-01 5.687407242313887064e-03 1.475278799999999932e-02 2.790410252740107601e-03 -5.649466988120380347e-03 9.999801483696421078e-01 4.750790595999999866e+00
9.999085396115029445e-01 1.348268591446460073e-02 -1.062822903113805470e-03 2.038772550000000072e-01 -1.347718842325824375e-02 9.998965756766797774e-01 5.020293044610693069e-03 1.431480599999999936e-02 1.130400015693299029e-03 -5.005510022132645016e-03 9.999868334459324215e-01 4.800260066999999964e+00
9.999041581115891697e-01 1.368648900051190956e-02 2.086770230054387377e-03 2.065005599999999997e-01 -1.370121877492214146e-02 9.998800973920159985e-01 7.215777395015365511e-03 1.507462499999999948e-02 -1.987761362914520265e-03 -7.243677116738444013e-03 9.999717885753540703e-01 4.856143950999999959e+00
9.998760507126723818e-01 1.518338962975473820e-02 4.165079900858813244e-03 2.090484200000000126e-01 -1.522523245939643756e-02 9.998320067632896491e-01 1.020541759314962972e-02 1.508028600000000004e-02 -4.009427363953965359e-03 -1.026756694861461448e-02 9.999392489352385560e-01 4.907302379999999964e+00
9.998820102097621954e-01 1.444696132404041031e-02 5.220245912481811558e-03 2.117432499999999940e-01 -1.449865526366134888e-02 9.998448395721811766e-01 1.000428790193549217e-02 1.553300500000000077e-02 -5.074904376498883159e-03 -1.007879404398107429e-02 9.999363296011343216e-01 4.956883906999999923e+00
9.998802682485596893e-01 1.367426567801889072e-02 7.243177849212064333e-03 2.126973269999999916e-01 -1.373595191703698599e-02 9.998692190472474595e-01 8.536300532459888818e-03 1.632933300000000143e-02 -7.125502938123717302e-03 -8.634770408909642203e-03 9.999373320102936669e-01 5.011712074000000072e+00
9.999029784330867310e-01 1.227276816303955569e-02 6.588845290212507096e-03 2.156613920000000073e-01 -1.232551454642721346e-02 9.998918315334844875e-01 8.025392437730394582e-03 1.615612799999999877e-02 -6.489638804115681857e-03 -8.105824710049664220e-03 9.999460886437638862e-01 5.061292648000000227e+00
9.998991585093249812e-01 1.286542335543446915e-02 6.012794211456604955e-03 2.166707659999999869e-01 -1.291524455087090899e-02 9.998819649427331813e-01 8.321817136312092272e-03 1.640537400000000035e-02 -5.905020790402357687e-03 -8.398634659541964753e-03 9.999472954437751415e-01 5.112057685999999990e+00
9.998957215237360696e-01 1.353867641358136309e-02 5.024969601457352462e-03 2.186540220000000034e-01 -1.358185086332137567e-02 9.998702632355424003e-01 8.659678077944474306e-03 1.687636600000000028e-02 -4.907077098816687612e-03 -8.727023447629288222e-03 9.999498785719665994e-01 5.166753768999999608e+00
9.998754123863458076e-01 1.515032745149737931e-02 4.430268992653095365e-03 2.197275009999999917e-01 -1.519074203507888784e-02 9.998419596698296941e-01 9.235639664814587410e-03 1.684532299999999885e-02 -4.289645866332775399e-03 -9.301788091921581528e-03 9.999475364621058793e-01 5.217563628999999814e+00
9.998612758783357313e-01 1.615332664608130214e-02 4.061900689537612137e-03 2.211287769999999986e-01 -1.619022058556165294e-02 9.998264164038781487e-01 9.220293833153364940e-03 1.688493799999999864e-02 -3.912257192149056796e-03 -9.284777824150132822e-03 9.999492422840364769e-01 5.267594813999999737e+00
9.997974715122719402e-01 1.984394037880232373e-02 3.351714174906601350e-03 2.224416140000000097e-01 -1.987237103502352206e-02 9.997649016902683261e-01 8.673535478361381335e-03 1.753578299999999923e-02 -3.178809071663347020e-03 -8.738385348024783894e-03 9.999567669626499011e-01 5.322166919999999912e+00
9.997501943203902508e-01 2.215085161750181275e-02 2.981397149224026145e-03 2.236319180000000129e-01 -2.217363091553261473e-02 9.997234132483192592e-01 7.837543948969502572e-03 1.812816399999999870e-02 -2.806964261211779537e-03 -7.901694485976374499e-03 9.999648414698821819e-01 5.371727942999999783e+00
9.997265743504261115e-01 2.323970374950031989e-02 2.587026709857664485e-03 2.251540119999999867e-01 -2.326266719132511276e-02 9.996867640713741343e-01 9.231579260913164511e-03 1.765005999999999867e-02 -2.371677192980168724e-03 -9.289236251723642993e-03 9.999540415624870171e-01 5.421439171000000279e+00
9.996469107086263239e-01 2.637342593907520891e-02 3.239801681567597118e-03 2.257204949999999932e-01 -2.640309840703091229e-02 9.996063734964141245e-01 9.485486801218398489e-03 1.812108800000000047e-02 -2.988361626111360816e-03 -9.567678380023113272e-03 9.999497633507435923e-01 5.475641250999999876e+00
9.996010996058112275e-01 2.817321427594726355e-02 1.977792763311594839e-03 2.278913409999999973e-01 -2.819164816822793476e-02 9.995524127450837737e-01 1.001025219665931283e-02 1.870302899999999949e-02 -1.694886548385116229e-03 -1.006201634084508308e-02 9.999479402382629445e-01 5.525458813000000191e+00
9.995673552031208997e-01 2.936377711097300225e-02 1.694404324586293656e-03 2.291079460000000068e-01 -2.937909882322322502e-02 9.995196576788597520e-01 9.865214942938476186e-03 1.868663699999999900e-02 -1.403910457743786418e-03 -9.910726881121835127e-03 9.999499020091529022e-01 5.575060367999999933e+00
9.994730022470729169e-01 3.240828553391104233e-02 1.849542639448590892e-03 2.305379660000000108e-01 -3.242391920632525099e-02 9.994322014798491249e-01 9.163193135797283173e-03 1.887633299999999861e-02 -1.551529092327664019e-03 -9.218333574715215084e-03 9.999563065872333345e-01 5.627737998999999824e+00
9.994080630435713264e-01 3.437965390558103684e-02 1.250168320506092222e-03 2.326418460000000132e-01 -3.438893193706091256e-02 9.993734957840280098e-01 8.367633156374492537e-03 1.884013600000000038e-02 -9.617087528576007257e-04 -8.405671998355148528e-03 9.999642092567767593e-01 5.677424907999999881e+00
9.993981467833864540e-01 3.466220796279317895e-02 1.369505413217223921e-03 2.335584759999999871e-01 -3.467054901783409027e-02 9.993768271216845189e-01 6.626495529061479997e-03 1.962642399999999995e-02 -1.138963008494152211e-03 -6.669988855971576563e-03 9.999771067439126027e-01 5.724964618999999644e+00
9.993383101203049401e-01 3.635349426418971186e-02 1.168495047793199817e-03 2.350607369999999918e-01 -3.636191885800894863e-02 9.993046016202971060e-01 8.253728700584222686e-03 1.961836200000000030e-02 -8.676305992554072177e-04 -8.290756013947140138e-03 9.999652546873117887e-01 5.778861522999999778e+00
9.993223949226238689e-01 3.679338320893303649e-02 9.989785543457186095e-04 2.364728299999999950e-01 -3.680131079610828027e-02 9.992761764043313066e-01 9.632590224233203088e-03 1.981068600000000096e-02 -6.438398866816818535e-04 -9.662826852446100914e-03 9.999531065242108774e-01 5.826889991999999907e+00
9.992954785470883339e-01 3.751192766227986336e-02 1.183992569903453669e-03 2.380693999999999866e-01 -3.752263148577265200e-02 9.992361947641837938e-01 1.091234161749733873e-02 2.010292199999999876e-02 -7.737452607977478173e-04 -1.094908015560869079e-02 9.999397576664392773e-01 5.875002860999999577e+00
9.991729616897565558e-01 4.060926738908585826e-02 2.068823395596838723e-03 2.381194229999999967e-01 -4.062758989804359649e-02 9.991267201400408915e-01 9.756845867436638245e-03 2.005833400000000058e-02 -1.670798371086819724e-03 -9.832827890604913315e-03 9.999502607272409138e-01 5.926990985999999850e+00
9.991428895955427603e-01 4.137237675113750873e-02 1.346333031216664792e-03 2.396051290000000000e-01 -4.138289502513193413e-02 9.991023629178769072e-01 9.051210485564132810e-03 2.059157799999999927e-02 -9.706544225003518097e-04 -9.099167757383732139e-03 9.999581306115347124e-01 5.974161148000000310e+00
9.991181189404301222e-01 4.189102183389783324e-02 2.850735808242807392e-03 2.393972580000000017e-01 -4.191666028830542262e-02 9.990747706893583491e-01 9.622689971144330126e-03 2.091355799999999876e-02 -2.444993908234088537e-03 -9.733697227562487439e-03 9.999496373033347485e-01 6.025713921000000362e+00
9.990977186422017597e-01 4.236297817404509336e-02 3.021040246889124606e-03 2.414959220000000018e-01 -4.239507171513483275e-02 9.990347804898637163e-01 1.149631531571886772e-02 2.081274099999999919e-02 -2.531106125100181931e-03 -1.161401962264729804e-02 9.999293515293909973e-01 6.072253227000000031e+00
9.991177163921066695e-01 4.171350170589223361e-02 4.875711933065259192e-03 2.411870510000000134e-01 -4.177698868905327378e-02 9.990324982822136324e-01 1.373865321177214320e-02 2.118691199999999872e-02 -4.297907339208669082e-03 -1.393022438552761651e-02 9.998937327741744818e-01 6.118921280000000351e+00
9.992478062738676670e-01 3.860551745395358891e-02 3.665471180563103538e-03 2.437597220000000120e-01 -3.865992485703759196e-02 9.991217516332072668e-01 1.615969131635925163e-02 2.132364399999999924e-02 -3.038398741321038724e-03 -1.628924293834105655e-02 9.998627049238232312e-01 6.170132637000000031e+00
9.993003964818025775e-01 3.725013992523062978e-02 3.338362901618461415e-03 2.440936419999999996e-01 -3.729598995130639638e-02 9.991927965081291996e-01 1.492529865082923603e-02 2.210500099999999912e-02 -2.779698700257897392e-03 -1.503936440861554542e-02 9.998830385566707113e-01 6.216148852999999974e+00
9.993368313853548957e-01 3.624156986231760053e-02 3.527896057660657916e-03 2.446706889999999968e-01 -3.628536046882541860e-02 9.992534853945126416e-01 1.326063884456845157e-02 2.219470999999999944e-02 -3.044676062622582533e-03 -1.337985578522535302e-02 9.999058502713344954e-01 6.262617110999999959e+00
9.993909446150758269e-01 3.469246624351166042e-02 3.764652351717779743e-03 2.451105560000000072e-01 -3.473827118645413103e-02 9.993135325833842897e-01 1.287307697070539519e-02 2.243448199999999865e-02 -3.315469252287115819e-03 -1.299601406817253724e-02 9.999100515956307333e-01 6.313018321999999571e+00
9.994533064076738249e-01 3.281593813790075614e-02 4.025234763077656548e-03 2.464757260000000061e-01 -3.287652800217549104e-02 9.993306317497718805e-01 1.604438696628943464e-02 2.246506499999999934e-02 -3.496028788581242823e-03 -1.616795134614581672e-02 9.998631782058873263e-01 6.357984542999999711e+00
9.994427764719030494e-01 3.315899093914517065e-02 3.823333366509032265e-03 2.476057110000000061e-01 -3.322353653789914679e-02 9.992808094391061324e-01 1.827732219554445772e-02 2.263309200000000049e-02 -3.214526100166792931e-03 -1.839416229738527128e-02 9.998256456079374077e-01 6.402647017999999690e+00
9.995154297613999539e-01 3.085400936868099367e-02 4.115309801365169690e-03 2.487841100000000027e-01 -3.091739954857271669e-02 9.993882114177390363e-01 1.634984050094844335e-02 2.311290599999999903e-02 -3.608333969823524466e-03 -1.646915253223079148e-02 9.998578633690051731e-01 6.454359530999999706e+00
9.995348676237225671e-01 3.036384676603910704e-02 2.843451071467552240e-03 2.508133650000000103e-01 -3.040414423827424856e-02 9.994190037686707662e-01 1.540269194575467210e-02 2.363218200000000158e-02 -2.374114059085661362e-03 -1.548198035156024902e-02 9.998773284092545843e-01 6.500414370999999747e+00
9.995591910325282159e-01 2.948540344987303150e-02 3.469092935628479216e-03 2.514711319999999861e-01 -2.953771590272253819e-02 9.994333045508282387e-01 1.614289608036882651e-02 2.380131599999999945e-02 -2.991147212670055601e-03 -1.623824922858836672e-02 9.998636768581716794e-01 6.545615673000000356e+00
9.995682783493047285e-01 2.924228616784148652e-02 2.854052817453731159e-03 2.535665930000000068e-01 -2.929072186398850100e-02 9.993953349070205938e-01 1.873547914441046208e-02 2.301893899999999868e-02 -2.304458828709020791e-03 -1.881098789968883855e-02 9.998204019741467885e-01 6.595094680999999959e+00
9.995780123325826994e-01 2.870627966747157575e-02 4.443733666187750855e-03 2.540020049999999752e-01 -2.878773726132513935e-02 9.993952515186238506e-01 1.950377977212298247e-02 2.397730799999999926e-02 -3.881165368290146866e-03 -1.962347445483263869e-02 9.997999078844248544e-01 6.639868736000000382e+00
9.996155167937713637e-01 2.739004076919470884e-02 4.313264631730894839e-03 2.555777129999999842e-01 -2.747075542537224732e-02 9.994240778306174855e-01 1.992160256553865069e-02 2.400434599999999932e-02 -3.765127020549269808e-03 -2.003243168169422869e-02 9.997922411678525911e-01 6.684682846000000289e+00
9.996642092442067362e-01 2.527365719961876395e-02 5.719353801861726261e-03 2.562201619999999735e-01 -2.537218797239156748e-02 9.995184113541083493e-01 1.786609754963245505e-02 2.482234700000000155e-02 -5.265057801044553676e-03 -1.800521079897463711e-02 9.998240302925490708e-01 6.732797622999999732e+00
9.997487165105551910e-01 2.177444563598105245e-02 5.327039773023328068e-03 2.580111620000000161e-01 -2.185587301527969553e-02 9.996372616497286590e-01 1.573740563663797790e-02 2.454092700000000057e-02 -4.982434167917876647e-03 -1.584987819126133443e-02 9.998619688292402774e-01 6.775624275000000196e+00
