9.991522023892657201e-01 2.110049772995481118e-03 -4.111476803577180511e-02 -5.874538999999999803e-03 -2.252034805513912497e-03 9.999916590384458903e-01 -3.407373294996394932e-03 -4.522759999999999910e-04 4.110723537182469495e-02 3.497076420695205672e-03 9.991486204046889918e-01 4.569940299999999955e-02
9.985142026860783782e-01 2.023071926329459737e-03 -5.445451509439915017e-02 -8.072397999999999726e-03 -2.264695857915829252e-03 9.999878615659066883e-01 -4.375828323436505018e-03 -4.666000000000000117e-04 5.444500148642100745e-02 4.492649644246461335e-03 9.985066639298496582e-01 5.709108300000000080e-02
9.974911520080183003e-01 1.568179579932232285e-03 -7.077388274301137094e-02 -9.762188999999999242e-03 -1.874754751449578954e-03 9.999891451792007890e-01 -4.265538464637168292e-03 -4.863919999999999876e-04 7.076642537487927431e-02 4.387520549976438311e-03 9.974832643724330650e-01 7.024190600000000673e-02
9.959614715832812992e-01 3.827043797889454510e-04 -8.978084795223621739e-02 -1.247779199999999970e-02 -7.717455200722724701e-04 9.999904633637041185e-01 -4.298556792288642063e-03 -7.619779999999999609e-04 8.977834666843177713e-02 4.350484915727532813e-03 9.959522688113526812e-01 8.329193299999999855e-02
9.939464377530989880e-01 -8.336324170763713274e-04 -1.098625683976037909e-01 -1.549538100000000078e-02 3.383588641090155445e-04 9.999896972650097471e-01 -4.526685002660148921e-03 -8.745699999999999698e-04 1.098652101040363399e-01 4.462109459373319459e-03 9.939364794532740133e-01 9.772511600000000076e-02
9.912558610884941723e-01 -9.557201818683590949e-04 -1.319503863451787218e-01 -1.960935399999999898e-02 3.133845877380911533e-04 9.999880011828943260e-01 -4.888689020576543823e-03 -1.290605000000000007e-03 1.319534753153857876e-01 4.804590427258803934e-03 9.912442666986872597e-01 1.125111280000000019e-01
9.877334745428748564e-01 2.433038230990257084e-03 -1.561302776287376293e-01 -2.431880100000000100e-02 -3.440659426752315769e-03 9.999749609753973978e-01 -6.183792118236271056e-03 -1.785481999999999911e-03 1.561113228762387173e-01 6.645129586321127553e-03 9.877171139160300095e-01 1.274501090000000059e-01
9.835148813635748999e-01 7.148989527287347157e-03 -1.806858325523391096e-01 -3.097141000000000130e-02 -8.631583769732824318e-03 9.999352144679810594e-01 -7.420419698277861027e-03 -2.751691000000000119e-03 1.806210782218378719e-01 8.857698098899116981e-03 9.835128709307110473e-01 1.431498680000000134e-01
9.782201558798623298e-01 1.009630271794602525e-02 -2.073243625380420951e-01 -3.795664399999999772e-02 -1.199467206291483963e-02 9.998968419274306685e-01 -7.901477434878062880e-03 -3.657395999999999824e-03 2.072231996483044347e-01 1.021617222732431295e-02 9.782403464141828930e-01 1.599062679999999903e-01
9.712830439343208555e-01 1.023206735115419694e-02 -2.377068643590286301e-01 -4.285319099999999881e-02 -1.254302614287936685e-02 9.998876162136723922e-01 -8.211421175335447548e-03 -3.775848999999999959e-03 2.375961301470611853e-01 1.095717756820372563e-02 9.713022285565289238e-01 1.753996310000000003e-01
9.630435423702323749e-01 1.227902074816555889e-02 -2.690657190138879828e-01 -5.037565199999999993e-02 -1.488218310019038398e-02 9.998600877134952158e-01 -7.637121429828253039e-03 -4.231562000000000344e-03 2.689342970414275724e-01 1.135916577164247307e-02 9.630915393812810033e-01 1.941367089999999906e-01
9.535508232796039430e-01 1.366722294794103960e-02 -3.009219740060217751e-01 -5.904924899999999810e-02 -1.663965171656069456e-02 9.998347794960145141e-01 -7.316809475969892479e-03 -3.833303000000000144e-03 3.007722550594405519e-01 1.198418654091123331e-02 9.536206949617922479e-01 2.115900219999999887e-01
9.424911952075956112e-01 1.664989843513383153e-02 -3.338160089604118586e-01 -6.924792400000000236e-02 -1.976394091668434369e-02 9.997870622829484466e-01 -5.934368633114729674e-03 -4.490769999999999831e-03 3.336461203065305137e-01 1.219061006396371730e-02 9.426195708930876771e-01 2.283113900000000029e-01
9.297657602323299297e-01 1.898357204774835452e-02 -3.676618760381686335e-01 -7.887507200000000440e-02 -2.233610113519456444e-02 9.997386802987127119e-01 -4.865151659165259553e-03 -5.148760999999999963e-03 3.674734407895026700e-01 1.273558427777327084e-02 9.299468131067645249e-01 2.463853659999999945e-01
9.160109442306300087e-01 2.172058259469854605e-02 -4.005648091650795273e-01 -9.045109899999999314e-02 -2.559237086659073637e-02 9.996631361136045779e-01 -4.317968149474953402e-03 -5.122320999999999992e-03 4.003360845628789466e-01 1.420670923401619497e-02 9.162582544291776321e-01 2.637839319999999987e-01
9.004785802560935082e-01 2.284196833648731093e-02 -4.343000932333367370e-01 -1.026489730000000045e-01 -2.721762542369108098e-02 9.996220867386272912e-01 -3.858052696364905679e-03 -4.887645999999999831e-03 4.340478399511575880e-01 1.529471107367493844e-02 9.007599815971550905e-01 2.785536350000000216e-01
8.821156687842088839e-01 1.845629213100360294e-02 -4.706711295226880809e-01 -1.144220610000000055e-01 -2.331535352406803596e-02 9.997180540884644806e-01 -4.495177373793833933e-03 -4.709813000000000194e-03 4.704554614152498537e-01 1.493913017378168014e-02 8.822972748536714871e-01 2.951190470000000232e-01
8.607912841694278505e-01 1.347671495903718375e-02 -5.087796608079574456e-01 -1.271863729999999915e-01 -1.858145895402277953e-02 9.998150761390255381e-01 -4.954079960465380961e-03 -4.985291999999999675e-03 5.086188105851839891e-01 1.371829723499171788e-02 8.608825203475124477e-01 3.124856950000000078e-01
8.357222856020541935e-01 1.487425692734404246e-02 -5.489508337082092959e-01 -1.400086279999999961e-01 -1.900001139643465661e-02 9.998178000360515849e-01 -1.834747395539416612e-03 -5.020077999999999867e-03 5.488235243819400422e-01 1.196341138344089727e-02 8.358526280828796340e-01 3.265297710000000242e-01
8.070453476266511439e-01 2.117813821043374595e-02 -5.901095604513771908e-01 -1.588227449999999874e-01 -2.416836358653701861e-02 9.997039117070811720e-01 2.824733458147557497e-03 -6.430423000000000215e-03 5.899946585145722233e-01 1.198229441719710249e-02 8.073182318917199174e-01 3.439522389999999930e-01
7.746446136446550890e-01 2.484418358843296787e-02 -6.319086081809197619e-01 -1.771305049999999937e-01 -2.779764294980882622e-02 9.995999215693491813e-01 5.223776888983753218e-03 -7.180765999999999885e-03 6.317855756486989716e-01 1.351899923719115590e-02 7.750253047880867330e-01 3.595142359999999870e-01
7.387791935242826735e-01 2.397483057935129169e-02 -6.735209801589717715e-01 -1.966371239999999965e-01 -2.687920990945284055e-02 9.996200819117981862e-01 6.099173164743214130e-03 -7.324157000000000410e-03 6.734113239991247335e-01 1.359776957229948124e-02 7.391429424491615663e-01 3.746803400000000006e-01
6.990021085909836618e-01 1.950059176315754525e-02 -7.148536767103079725e-01 -2.171465750000000083e-01 -2.091989054119489447e-02 9.997579172293560301e-01 6.816532620368988098e-03 -6.751153000000000189e-03 7.148135493715148669e-01 1.018988999483321639e-02 6.992408424690237378e-01 3.906092050000000149e-01
6.566685673481895691e-01 1.594864588772081093e-02 -7.540106321208105422e-01 -2.395509779999999977e-01 -1.568050691817717002e-02 9.998489814979815149e-01 7.492389487886805949e-03 -6.640179999999999867e-03 7.540162560314368490e-01 6.903252262324246005e-03 6.568194810970039432e-01 4.053892490000000071e-01
6.127909465737614303e-01 1.599243849873980064e-02 -7.900832220140467932e-01 -2.647401690000000252e-01 -1.339110433882881313e-02 9.998617939108083164e-01 9.852482024685933065e-03 -6.783522000000000163e-03 7.901315929146359718e-01 4.542575076339885887e-03 6.129204115461124314e-01 4.187380079999999949e-01
5.657664208717166909e-01 1.674786551091473827e-02 -8.243954548727424614e-01 -2.914184930000000007e-01 -1.060361328972825312e-02 9.998588107716765983e-01 1.303540975384043059e-02 -6.904043999999999806e-03 8.244973744040725583e-01 1.366573480253610584e-03 5.658641286366488110e-01 4.310540560000000188e-01
5.151656245999962636e-01 1.698281435265660416e-02 -8.569223787760236188e-01 -3.195746239999999738e-01 -8.833538330945012867e-03 9.998557768845551808e-01 1.450496574068479982e-02 -6.237862999999999741e-03 8.570451259012277223e-01 9.719694396115394902e-05 5.152413441501979552e-01 4.429585930000000116e-01
4.602546464643970103e-01 1.722248474177634145e-02 -8.876198772150455385e-01 -3.473649019999999754e-01 -6.337153216358040742e-03 9.998500768419237295e-01 1.611410339769023259e-02 -5.885220000000000035e-03 8.877643273397762824e-01 -1.791607802598003431e-03 4.602947851588548023e-01 4.542778129999999748e-01
4.063422696675910717e-01 1.946458447790050394e-02 -9.135135958662536915e-01 -3.795031910000000175e-01 -4.908309514646378921e-03 9.998051489402330905e-01 1.911995424437212127e-02 -5.681127999999999699e-03 9.137077587385908917e-01 -3.285438129249496422e-03 4.063586316509097962e-01 4.637465179999999965e-01
3.515261199750691623e-01 2.129832277559271653e-02 -9.359357715261340527e-01 -4.139373299999999922e-01 -4.132088798302168201e-03 9.997667388372577513e-01 2.119890933225646035e-02 -5.349343999999999801e-03 9.361689552732648245e-01 -3.584600627817959365e-03 3.515321291445531182e-01 4.728458520000000109e-01
2.969146882374605889e-01 2.444893491637864166e-02 -9.545909686825589935e-01 -4.512173830000000274e-01 -1.978575803308939979e-03 9.996857810012111933e-01 2.498848738497386548e-02 -4.828238999999999795e-03 9.549019599658606916e-01 -5.530718348742681006e-03 2.968697660724392007e-01 4.800820350000000181e-01
2.443234782657562887e-01 2.645076509383902097e-02 -9.693329639468950543e-01 -4.890718459999999768e-01 2.593928249398979452e-03 9.996064973242920759e-01 2.793066492758651542e-02 -5.087636000000000415e-03 9.696903162888443894e-01 -9.338497363638793847e-03 2.441587249365253509e-01 4.867793020000000248e-01
1.935510221086907123e-01 2.685303500077761141e-02 -9.807226500657196810e-01 -5.295087099999999936e-01 5.232812219547440871e-03 9.995828802482927822e-01 2.840216876934081869e-02 -4.685456000000000169e-03 9.810762557094917513e-01 -1.062920626266029671e-02 1.933297712647220612e-01 4.917117060000000262e-01
1.473047132465465370e-01 2.750011625670098492e-02 -9.887087867826502841e-01 -5.723730329999999755e-01 3.200794343643136378e-03 9.995949223869736722e-01 2.827978171326587728e-02 -3.551054000000000103e-03 9.890859802721509997e-01 -7.330398628191733129e-03 1.471570211883531654e-01 4.937373999999999929e-01
1.061785509387334347e-01 2.797266038666945329e-02 -9.939535429744401629e-01 -6.157083509999999871e-01 2.133881091047593742e-03 9.995955139116077248e-01 2.835939208230738723e-02 -2.875977999999999955e-03 9.943447902372897218e-01 -5.132137827535701580e-03 1.060759128609276569e-01 4.956046940000000123e-01
6.974513813164619214e-02 2.637576934198301859e-02 -9.972160921779271714e-01 -6.601205470000000020e-01 1.444129312949619937e-03 9.996466809179422874e-01 2.654105913992791527e-02 -1.408881999999999973e-03 9.975637975575923910e-01 -3.291218825933679357e-03 6.968240582180518228e-02 4.965360759999999929e-01
3.931632660398811513e-02 2.362410714281380081e-02 -9.989475101445889349e-01 -7.060204740000000090e-01 1.120738395183239894e-03 9.997188083083212717e-01 2.368645731297710361e-02 -6.594139999999999854e-04 9.992261858097085669e-01 -2.050823321200172591e-03 3.927879473567286173e-02 4.959765079999999826e-01
9.677595795830390077e-03 2.088492676963448619e-02 -9.997350468866438300e-01 -7.536824939999999806e-01 1.913591843802740430e-03 9.997796482041568789e-01 2.090438238809378541e-02 1.964100000000000050e-05 9.999513399690348470e-01 -2.115388994799483405e-03 9.635498094692551696e-03 4.946233629999999826e-01
-1.696002869066666821e-02 1.918383809793840558e-02 -9.996721151370803193e-01 -8.017870190000000452e-01 1.629352029932029655e-03 9.998151230345222462e-01 1.915893951724709915e-02 4.982880000000000512e-04 9.998548407837882790e-01 -1.303881626169791155e-03 -1.698815039757473055e-02 4.920499320000000232e-01
-3.823822413299788475e-02 1.656054181402355496e-02 -9.991314161160087526e-01 -8.523992900000000317e-01 8.008454617626139388e-04 9.998628507754739880e-01 1.654201576859859468e-02 1.989546999999999930e-03 9.992683307609129262e-01 -1.676125537297037255e-04 -3.824624222496686432e-02 4.886069299999999949e-01
-5.363082086131405052e-02 1.570024624220633588e-02 -9.984373977980172121e-01 -9.053111080000000310e-01 1.436422039739880356e-03 9.998765664531555908e-01 1.564571984831839013e-02 2.796087000000000052e-03 9.985597987829599731e-01 -5.950846850661401649e-04 -5.364675319860656710e-02 4.847197529999999754e-01
-6.634474516601908400e-02 1.619784587437445370e-02 -9.976652768227856072e-01 -9.594513180000000530e-01 2.271205800510615359e-03 9.998680875028751469e-01 1.608257496654633828e-02 3.347059999999999792e-03 9.977941753753962750e-01 -1.198908825919020073e-03 -6.637278210651875732e-02 4.793772099999999980e-01
-7.544817599088360360e-02 1.713435753068034625e-02 -9.970025007649979676e-01 -1.014270543999999941e+00 1.328006120874799384e-03 9.998531955022749163e-01 1.708285232718687735e-02 4.161179999999999567e-03 9.971488400130604779e-01 -3.515537473553105585e-05 -7.545985439098101821e-02 4.746924639999999807e-01
-8.206323476059365629e-02 1.855439863775991405e-02 -9.964543942357918516e-01 -1.074240923000000070e+00 -4.712428381087301749e-04 9.998258508964003033e-01 1.865598588862598176e-02 4.226146000000000069e-03 9.966270131954156897e-01 2.000542546454223136e-03 -8.204019989434818694e-02 4.687110190000000065e-01
-8.590195703083429446e-02 1.955822784287408397e-02 -9.961116049428994090e-01 -1.128548622000000057e+00 -3.013443106365497337e-04 9.998067416691894804e-01 1.965676739561101477e-02 4.851865000000000344e-03 9.963035496122049084e-01 1.988727353091466685e-03 -8.587946200131857388e-02 4.635162349999999987e-01
-8.571551850126872540e-02 2.030154345613537775e-02 -9.961127934231932546e-01 -1.188326240000000089e+00 1.763779749511432127e-03 9.997939021559972828e-01 2.022479400833147867e-02 5.802233000000000390e-03 9.963180912585367643e-01 -2.334486826360317180e-05 -8.573366016893979591e-02 4.584759469999999948e-01
-8.448784723387278706e-02 2.240063596347138808e-02 -9.961726834129801533e-01 -1.249158382000000067e+00 4.023767391276401179e-03 9.997467885415515232e-01 2.213974021607138104e-02 6.855003999999999612e-03 9.964163853358526390e-01 -2.137828170424387747e-03 -8.455658889138717438e-02 4.532281160000000142e-01
-8.239437652393009903e-02 2.469246130891239802e-02 -9.962938567871132411e-01 -1.311791538999999895e+00 3.445981534699965598e-03 9.996940929526662023e-01 2.449174813704725617e-02 7.593151000000000241e-03 9.965938450183683406e-01 -1.415227915890269680e-03 -8.245426126920751830e-02 4.476667639999999948e-01
-8.058527948813017094e-02 2.490226755245635026e-02 -9.964365959761645186e-01 -1.379342317999999956e+00 8.445060815392736731e-04 9.996892101051790824e-01 2.491525654616415231e-02 8.254999000000000711e-03 9.967473599359562009e-01 1.166306147120934125e-03 -8.058126451398617274e-02 4.417942759999999858e-01
-7.856676077066850061e-02 2.235047390546193377e-02 -9.966582766516344227e-01 -1.439895630000000093e+00 -8.264841481886442409e-04 9.997468413198251636e-01 2.248488814704460020e-02 9.040618000000000265e-03 9.969085118635298004e-01 2.590287094817676425e-03 -7.852839860081883838e-02 4.369001390000000207e-01
-7.724510596158092046e-02 2.220693399661286330e-02 -9.967647895504001543e-01 -1.507066011000000039e+00 -1.432860545535961233e-03 9.997484100769385984e-01 2.238444681671526368e-02 1.008330999999999984e-02 9.970111035066964167e-01 3.157313906374775714e-03 -7.719385243175413969e-02 4.313231710000000052e-01
-7.523110862099931240e-02 2.488759388485100449e-02 -9.968555000431497115e-01 -1.575049042999999926e+00 -1.005930423180199582e-03 9.996860897318687877e-01 2.503417864819192790e-02 1.146847600000000002e-02 9.971656173372801524e-01 2.886116288127547197e-03 -7.518245761567177166e-02 4.264250989999999741e-01
-7.316660297682589520e-02 2.845048933362353399e-02 -9.969138467618497979e-01 -1.645061850999999908e+00 -2.478690262681883597e-03 9.995847490599989449e-01 2.870863182460479252e-02 1.245565000000000040e-02 9.973166519733905888e-01 4.571553711420060784e-03 -7.306570052528327253e-02 4.208559989999999806e-01
-7.156031651381704328e-02 3.034417985515181285e-02 -9.969745994002859879e-01 -1.716011524000000010e+00 -2.852349970656763850e-03 9.995268259557790191e-01 3.062659456111194167e-02 1.344891299999999984e-02 9.974321957908153236e-01 5.035369269878455997e-03 -7.143990380892706327e-02 4.158616070000000220e-01
-6.950339705310429328e-02 2.975673321678764041e-02 -9.971378112509539093e-01 -1.788363694999999920e+00 -4.964805397197184084e-03 9.995323232531527768e-01 3.017425192979714815e-02 1.467098699999999992e-02 9.975693602479207556e-01 7.047808199705220267e-03 -6.932315554079804265e-02 4.098956579999999961e-01
-6.789106398961942956e-02 2.680044244411775023e-02 -9.973327126466661197e-01 -1.861264706000000047e+00 -7.526531392748780913e-03 9.995969364108050481e-01 2.737363774376789377e-02 1.604573100000000058e-02 9.976643497467231336e-01 9.364881362441226584e-03 -6.766198520229826929e-02 4.047504659999999754e-01
-6.639870683838916543e-02 2.594849823474236830e-02 -9.974557068710124819e-01 -1.936198234999999990e+00 -8.297238315468542097e-03 9.996128672580198993e-01 2.655694727442473729e-02 1.795726300000000109e-02 9.977586720076784266e-01 1.003947466563001080e-02 -6.615770085116468024e-02 3.994946480000000077e-01
-6.471702560437676832e-02 2.851031816074732494e-02 -9.974962999206040681e-01 -2.012236595000000072e+00 -5.612293422307792004e-03 9.995655805599382715e-01 2.893358467966641173e-02 1.903370999999999882e-02 9.978878738412770844e-01 7.470737463361139252e-03 -6.452890299926983264e-02 3.945569990000000193e-01
-6.363989029551481158e-02 3.059342663570221998e-02 -9.975038880174157407e-01 -2.089215278999999814e+00 -3.229698167542356321e-03 9.995184597308307550e-01 3.086126548043871889e-02 1.998325999999999922e-02 9.979677015880431545e-01 5.185644028802099265e-03 -6.351043759166785652e-02 3.896844389999999936e-01
-6.230378268191535951e-02 3.219650995314338182e-02 -9.975377804426062145e-01 -2.166340351000000108e+00 -2.540536680932559827e-03 9.994711830020441834e-01 3.241758815623136530e-02 2.153768600000000033e-02 9.980539987079342090e-01 4.554019689388172712e-03 -6.218903896806227127e-02 3.848171229999999832e-01
-6.171095126586288726e-02 2.755079271633576604e-02 -9.977137426709946633e-01 -2.244709015000000196e+00 -2.428552563091488856e-03 9.996118496135623088e-01 2.775341861106828470e-02 2.254051899999999845e-02 9.980911083795459549e-01 4.135690130363970513e-03 -6.162008958801512559e-02 3.796532149999999883e-01
-6.139284543491573681e-02 2.049731871713498729e-02 -9.979031909232543018e-01 -2.322392940999999933e+00 -1.040171153623599409e-03 9.997872561572458405e-01 2.060001139652251415e-02 2.337377900000000078e-02 9.981131381628918220e-01 2.302683428931518589e-03 -6.135846376540410319e-02 3.746232990000000207e-01
-6.144221309589046470e-02 1.570340577233039769e-02 -9.979871028710884939e-01 -2.408293962000000121e+00 2.345202316796453010e-03 9.998757379078657692e-01 1.558873854082609006e-02 2.448559399999999941e-02 9.981078871925481710e-01 -1.382675070464699923e-03 -6.147140582154464461e-02 3.692557810000000051e-01
-6.216720364024382051e-02 1.663888037818285828e-02 -9.979270446537226169e-01 -2.481402397000000093e+00 3.236671823384290429e-03 9.998591304648744016e-01 1.646946208996771452e-02 2.518779000000000157e-02 9.980605005444610489e-01 -2.206101943631561153e-03 -6.221230077045969420e-02 3.652656080000000194e-01
-6.190060923291320488e-02 2.417145422457014567e-02 -9.977895847207781665e-01 -2.563214302000000000e+00 2.723100100400492607e-03 9.997070729709397474e-01 2.404897040872005370e-02 2.582873399999999903e-02 9.980786037694809876e-01 -1.228434998607636289e-03 -6.194829816077929152e-02 3.594658370000000103e-01
-6.246487287076886441e-02 3.115480890554168589e-02 -9.975607838820137463e-01 -2.644764422999999809e+00 1.374620696129130043e-03 9.995144067339902794e-01 3.112974701376892278e-02 2.722021000000000163e-02 9.980462164024170857e-01 5.732479905432592143e-04 -6.247736639424616989e-02 3.540899750000000012e-01
-6.255881812111906137e-02 3.651626600269984591e-02 -9.973730278047970854e-01 -2.726430892999999855e+00 -8.526137479377311756e-04 9.993281174404946565e-01 3.664132561239832192e-02 2.820501099999999858e-02 9.980409146548477883e-01 3.142611980031385921e-03 -6.248565167186292957e-02 3.479244710000000129e-01
-6.293613187409073662e-02 3.698609786990403325e-02 -9.973319767605394182e-01 -2.807832003000000132e+00 -2.273846526730297773e-03 9.993051506141070739e-01 3.720276304375318144e-02 2.957993399999999870e-02 9.980149662839231661e-01 4.609177852356212413e-03 -6.280830003132875650e-02 3.423495289999999858e-01
-6.306940685516261580e-02 3.343256984601540582e-02 -9.974490028028647481e-01 -2.888525963000000196e+00 -2.152511546235032214e-03 9.994318607604443239e-01 3.363513625599092588e-02 3.099320499999999937e-02 9.980068219270755714e-01 4.268368588471701738e-03 -6.296161065769889653e-02 3.362207409999999896e-01
-6.351991807682379199e-02 3.051824531681339436e-02 -9.975138378540397976e-01 -2.969421387000000134e+00 -2.173624740763609176e-03 9.995257209924948150e-01 3.071821007024508679e-02 3.278220400000000229e-02 9.979782038516669118e-01 4.119438944342242864e-03 -6.342345670005622438e-02 3.306846620000000181e-01
-6.353489997665064115e-02 3.190009483298093113e-02 -9.974696488789037696e-01 -3.050193548000000199e+00 -4.041768245181411034e-03 9.994725773658313939e-01 3.222159529189064231e-02 3.411580599999999852e-02 9.979714327546701513e-01 6.078736986329397879e-03 -6.337245744202912867e-02 3.247632979999999780e-01
-6.344666254155234553e-02 3.415019975269889541e-02 -9.974007644217987023e-01 -3.132214069000000212e+00 -4.926422253731134807e-03 9.993914595168059689e-01 3.453173914888281459e-02 3.567450900000000008e-02 9.979730714684217352e-01 7.104540922488085386e-03 -6.323981437484116341e-02 3.190751079999999962e-01
-6.305849291091776554e-02 3.258362749837907801e-02 -9.974777860638555094e-01 -3.212982654999999799e+00 -5.370672963908650760e-03 9.994413411720843854e-01 3.298729191764343538e-02 3.716454999999999759e-02 9.979953819250459990e-01 7.437255891251702902e-03 -6.284826871990645270e-02 3.128514290000000142e-01
-6.280343752991027206e-02 2.743899092328856704e-02 -9.976486505837308671e-01 -3.293119191999999806e+00 -6.377518642947020699e-03 9.995905456912587139e-01 2.789387424884819458e-02 3.793465299999999873e-02 9.980055388074687839e-01 8.114354057063382503e-03 -6.260272971565294942e-02 3.076229100000000272e-01
-6.240119895022225305e-02 2.331069407459335566e-02 -9.977788842781427636e-01 -3.374121666000000186e+00 -7.868303199898524919e-03 9.996846482684350610e-01 2.384730217802197294e-02 3.893835100000000299e-02 9.980201301448428097e-01 9.338927035593712345e-03 -6.219810501530254054e-02 3.015568260000000000e-01
-6.180595511971779393e-02 2.406009498562521748e-02 -9.977981437851155544e-01 -3.454020499999999938e+00 -7.207630483843362537e-03 9.996725771881662670e-01 2.455175107356358938e-02 4.002431800000000317e-02 9.980621593741283437e-01 8.709204742831074333e-03 -6.161230216604185461e-02 2.963004109999999858e-01
-6.155661155822532427e-02 2.649224695507051974e-02 -9.977519453374878999e-01 -3.534717082999999871e+00 -6.341641073091250358e-03 9.996171246990792625e-01 2.693302056668396560e-02 4.040411099999999950e-02 9.980834469932711173e-01 7.985290202421965397e-03 -6.136503873064258485e-02 2.916550640000000194e-01
-6.103025770359572083e-02 3.138631912695306198e-02 -9.976423239900630291e-01 -3.615356922000000139e+00 -5.905594205466567492e-03 9.994766364952559767e-01 3.180529920013928924e-02 4.158628000000000324e-02 9.981184456775223923e-01 7.832756334208381202e-03 -6.081296182966144936e-02 2.862441539999999729e-01
-6.035964448185037606e-02 3.692515347348816757e-02 -9.974934818629062061e-01 -3.696803093000000207e+00 -5.441917749139251609e-03 9.992885148900035874e-01 3.732089950875631251e-02 4.289109299999999819e-02 9.981618600453716628e-01 7.680953709691856410e-03 -6.011575584547979023e-02 2.809824940000000271e-01
-6.036574085449589872e-02 4.012913634983657912e-02 -9.973693547261736070e-01 -3.784731627000000209e+00 -5.618592430423181849e-03 9.991620648785305425e-01 4.054133109275054325e-02 4.421167100000000100e-02 9.981605125179960902e-01 8.051119393441830141e-03 -6.008968901836575505e-02 2.747666839999999833e-01
-6.029460379959964561e-02 4.049604954617465336e-02 -9.973588274657236852e-01 -3.856287956000000072e+00 -5.119356373505069141e-03 9.991510177859463937e-01 4.087830534193684362e-02 4.500345099999999987e-02 9.981674974386665067e-01 7.570576494649334381e-03 -6.003610104402434811e-02 2.713627820000000246e-01
-6.031701808674212045e-02 3.583070365692608839e-02 -9.975359732884691022e-01 -3.942835330999999943e+00 -4.738322658613874916e-03 9.993339912388816693e-01 3.618179449598320219e-02 4.755699599999999722e-02 9.981680247470897660e-01 6.909025258040194309e-03 -6.010706898924011998e-02 2.659840580000000232e-01
-5.954393616744264872e-02 3.163627439979600081e-02 -9.977242433697741664e-01 -4.015926838000000387e+00 -6.441332352614521917e-03 9.994646803586922923e-01 3.207587805532408076e-02 4.856375999999999749e-02 9.982049032654620735e-01 8.336597483246468293e-03 -5.930828137108390408e-02 2.604160309999999923e-01
-5.978152330126736136e-02 2.903937225407038358e-02 -9.977889979002924070e-01 -4.102697849000000119e+00 -1.056333605516356598e-02 9.995023816554987617e-01 2.972212974151110243e-02 4.970483900000000066e-02 9.981555917807433120e-01 1.231681468867111551e-02 -5.944502227065973088e-02 2.551698680000000219e-01
-5.971633328718126826e-02 2.727980138787698683e-02 -9.978425587110283379e-01 -4.174926757999999793e+00 -1.378596985655447527e-02 9.995086309248754075e-01 2.815037729401471955e-02 5.064255000000000145e-02 9.981201864374090738e-01 1.543726474862671359e-02 -5.931091200809801567e-02 2.488799100000000097e-01
-6.033452328806509363e-02 2.491238747258071179e-02 -9.978672848881349200e-01 -4.262043475999999664e+00 -1.173400798032462646e-02 9.996017267983516863e-01 2.566516780523932922e-02 5.192796100000000165e-02 9.981092416946752977e-01 1.325747834881954579e-02 -6.001817151089305913e-02 2.430548670000000078e-01
-6.147581391347314156e-02 2.125046341809834136e-02 -9.978823287884158733e-01 -4.332219601000000253e+00 -8.047574248673250441e-03 9.997302757681885144e-01 2.178559756292972396e-02 5.228290000000000021e-02 9.980761297878976146e-01 9.369819474136224791e-03 -6.128821771461445689e-02 2.395272250000000103e-01
-6.226296534050573817e-02 1.965527692887963918e-02 -9.978662201096175632e-01 -4.418717383999999804e+00 -3.562516431757960927e-03 9.997953184837961027e-01 1.991556212006942092e-02 5.331154899999999974e-02 9.980534212273810546e-01 4.794916759855297368e-03 -6.218019901532656490e-02 2.337803840000000077e-01
-6.411150817778037136e-02 2.318743749454889660e-02 -9.976733219153486321e-01 -4.489727496999999623e+00 -3.758176541355406908e-03 9.997173263083013461e-01 2.347644751800153154e-02 5.364348000000000033e-02 9.979356645737511577e-01 5.254542931393969829e-03 -6.400624305743718434e-02 2.299284930000000116e-01
-6.516351994849499396e-02 2.944485915688522387e-02 -9.974400813768979912e-01 -4.577319622000000088e+00 -1.067381075322322223e-03 9.995619281339637174e-01 2.957722980187317899e-02 5.381560299999999658e-02 9.978740283049567505e-01 2.992005070845248776e-03 -6.510354475828405985e-02 2.213816640000000058e-01
-6.759983473645771179e-02 3.330134990129730160e-02 -9.971565987538544285e-01 -4.646839142000000145e+00 4.527182127778139886e-04 9.994437302430907444e-01 3.334704070822203104e-02 5.478066200000000080e-02 9.977124121658624833e-01 1.802823487578274902e-03 -6.757730712043219512e-02 2.196211809999999987e-01
-6.931701270730923625e-02 3.221953965795573693e-02 -9.970742464899813307e-01 -4.731906891000000392e+00 6.514286199565781643e-04 9.994795573642221154e-01 3.225197748622052329e-02 5.630683899999999742e-02 9.975944704087367221e-01 1.586088032862991229e-03 -6.930192590876660397e-02 2.136564250000000109e-01
-7.005360299794542722e-02 2.830323877411046463e-02 -9.971416245358039054e-01 -4.800444602999999866e+00 -2.705542196788679118e-03 9.995883395582657593e-01 2.856276353175101965e-02 5.658838900000000283e-02 9.975395594904633567e-01 4.698733238333512724e-03 -6.994818909398103912e-02 2.078347210000000000e-01
-7.140601822404887833e-02 2.480331969479811216e-02 -9.971388949858011053e-01 -4.876270294000000227e+00 -7.453120541986739053e-03 9.996495968864834714e-01 2.539949682331797687e-02 5.725880700000000184e-02 9.974194862521854610e-01 9.245473314480149099e-03 -7.119613520141254703e-02 2.016749379999999980e-01
-7.256838492255662798e-02 2.359885385271900601e-02 -9.970842108902185918e-01 -4.959800719999999608e+00 -1.192896745974466113e-02 9.996279875031650608e-01 2.452725699536210252e-02 5.791244300000000095e-02 9.972920982566121362e-01 1.367408853306850518e-02 -7.225987861679394886e-02 1.942119599999999890e-01
-7.357394906975714410e-02 2.458044397470085518e-02 -9.969867982036105802e-01 -5.026632309000000021e+00 -1.289325616350553427e-02 9.995892179282553913e-01 2.559608069765631835e-02 5.869710399999999995e-02 9.972064169287032653e-01 1.473761091850711927e-02 -7.322680424975336333e-02 1.889815330000000071e-01
-7.417739556052946326e-02 2.634304614619788210e-02 -9.968970648505270926e-01 -5.108735560999999592e+00 -1.267026914866403210e-02 9.995454588572180166e-01 2.735580299705867718e-02 5.904397399999999907e-02 9.971645693001518485e-01 1.466013634495809230e-02 -7.380990539751475232e-02 1.816320419999999936e-01
-7.513442852635553171e-02 2.580069570700445347e-02 -9.968395767379284456e-01 -5.175858973999999613e+00 -1.504046308712488761e-02 9.995221763488776334e-01 2.700376745804107526e-02 5.944653999999999910e-02 9.970599791989159799e-01 1.702184149373052457e-02 -7.471047310798872854e-02 1.767601970000000078e-01
-7.580465560521013058e-02 2.593323881358514799e-02 -9.967853938101289835e-01 -5.250517367999999685e+00 -1.558069372460945540e-02 9.995088797081209675e-01 2.718899350246331559e-02 5.952767700000000106e-02 9.970009509381805302e-01 1.759166021882634795e-02 -7.536336854938185947e-02 1.709284779999999948e-01
-7.613591984691392422e-02 2.736269506798489140e-02 -9.967219294405439411e-01 -5.331864356999999721e+00 -1.355891257738751562e-02 9.995025486370253676e-01 2.847474596567000499e-02 6.082188000000000178e-02 9.970052545492339435e-01 1.568241648175283665e-02 -7.572703753950627004e-02 1.639413829999999961e-01
-7.676378931758638668e-02 3.021623977596451377e-02 -9.965913402711298330e-01 -5.397840500000000041e+00 -1.241392144982741801e-02 9.994342361261661090e-01 3.125863421751251536e-02 6.204669200000000051e-02 9.969720232804143434e-01 1.477113782713265766e-02 -7.634525711168393958e-02 1.600704189999999916e-01
-7.737253684734420045e-02 3.441050169380200502e-02 -9.964082536365237441e-01 -5.468475341999999628e+00 -1.272029086110501583e-02 9.992887998170173480e-01 3.549772895093180475e-02 6.328542500000000626e-02 9.969211025664042047e-01 1.542115214391529508e-02 -7.687979789475885006e-02 1.557383539999999955e-01
-7.775843852339497930e-02 3.656311435703992613e-02 -9.963015426601111724e-01 -5.551131725000000294e+00 -1.159033182025722385e-02 9.992265907591695306e-01 3.757505193746871197e-02 6.387128699999999881e-02 9.969048547613255096e-01 1.446924283855788654e-02 -7.727452080070829066e-02 1.479768750000000077e-01
-7.845466526421462916e-02 3.624790460420448251e-02 -9.962584779614600539e-01 -5.613149166000000356e+00 -1.206180777154432920e-02 9.992310949773195450e-01 3.730591941916529264e-02 6.557160600000000450e-02 9.968447112221456852e-01 1.494350167234683238e-02 -7.795712582058311746e-02 1.428937909999999922e-01
-7.832474217078842782e-02 3.432715953678302373e-02 -9.963367306699155712e-01 -5.691597939000000217e+00 -1.129812848863806334e-02 9.993122642741011363e-01 3.531785333260371168e-02 6.618177100000000035e-02 9.968638758910535191e-01 1.402300215736018534e-02 -7.788304278827917759e-02 1.353755000000000097e-01
-7.848135550390034076e-02 3.146665550697843455e-02 -9.964188509003004679e-01 -5.767618655999999788e+00 -1.149663481588811091e-02 9.994067000592108396e-01 3.246652529404066984e-02 6.569350499999999926e-02 9.968492886219963989e-01 1.400348056604560493e-02 -7.807303187308578529e-02 1.283049579999999967e-01
-7.852272620539844927e-02 2.774087079517023602e-02 -9.965262794110338884e-01 -5.819014549000000258e+00 -1.183116107602328292e-02 9.995164306947754707e-01 2.875636275277613368e-02 6.844149500000000497e-02 9.968421164341250140e-01 1.404809092730147611e-02 -7.815654831447615969e-02 1.260194779999999903e-01
-7.743797631148276184e-02 2.555117925127905684e-02 -9.966697030930814494e-01 -5.893840313000000108e+00 -1.222199440750454044e-02 9.995720993638710361e-01 2.657519569084096367e-02 6.863629799999999836e-02 9.969222550818518380e-01 1.423922091171321569e-02 -7.709255418224425505e-02 1.195530890000000013e-01
-7.526114678285494852e-02 2.460039546736915092e-02 -9.968603614989306472e-01 -5.950257300999999721e+00 -1.423879383681280961e-02 9.995672043485305247e-01 2.574219767105982021e-02 6.987098599999999604e-02 9.970621929122587268e-01 1.613147648890886354e-02 -7.487829412643876026e-02 1.155676840000000039e-01
-7.070771239901198213e-02 2.573310271944252714e-02 -9.971650950728917495e-01 -6.022382258999999571e+00 -1.454333902221755653e-02 9.995343336680450053e-01 2.682549363687692506e-02 6.996721000000000190e-02 9.973910520439731586e-01 1.639887932780468432e-02 -7.030054096099580541e-02 1.093759539999999975e-01
-6.510451511709298977e-02 2.740101622988434099e-02 -9.975021736422120533e-01 -6.091722964999999768e+00 -1.426074045182725188e-02 9.994952907353356064e-01 2.838652989804429580e-02 7.027376400000000245e-02 9.977765448200983656e-01 1.607321086331414337e-02 -6.468089748457117594e-02 1.049456599999999962e-01
-5.798269863757882225e-02 2.809386392878369249e-02 -9.979222121329172079e-01 -6.137891293000000026e+00 -1.336576039684550347e-02 9.994925204361411186e-01 2.891466827103666981e-02 7.144947399999999893e-02 9.982281117598914566e-01 1.501453967862367324e-02 -5.757777774906913670e-02 1.027932170000000062e-01
-4.972910730011673164e-02 2.920869557093136448e-02 -9.983355487961838026e-01 -6.204375744000000026e+00 -1.394487397604627331e-02 9.994545377388927010e-01 2.993605656943716664e-02 7.184536800000000667e-02 9.986653875933244606e-01 1.541035678305369833e-02 -4.929467037006463048e-02 1.003623010000000010e-01
-3.726043483671807877e-02 3.130791186419751987e-02 -9.988150352545168698e-01 -6.255775451999999959e+00 -1.654872399300975211e-02 9.993527111951217012e-01 3.194210952900430889e-02 7.201508399999999310e-02 9.991685542139430165e-01 1.771929122914809446e-02 -3.671821058214530531e-02 9.716224699999999326e-02
-2.277094923517670316e-02 3.309365781607665619e-02 -9.991928210727305526e-01 -6.318745612999999928e+00 -1.984684853792416728e-02 9.992400445352883631e-01 3.354751854053544813e-02 7.216245699999999930e-02 9.995436891272146962e-01 2.059473742166432336e-02 -2.209683951362717558e-02 9.674930599999999326e-02
-4.024064444580619654e-03 3.380498500102520343e-02 -9.994203469483827762e-01 -6.366380215000000398e+00 -2.055917080202244313e-02 9.992143974170992760e-01 3.388079825382701166e-02 7.369259699999999857e-02 9.997805396192099847e-01 2.068359213153558168e-02 -3.325900668563308571e-03 9.601402300000000389e-02
1.808791963733687516e-02 3.467956830626948983e-02 -9.992347845753185576e-01 -6.424595356000000201e+00 -2.179755428615674784e-02 9.991744339374225570e-01 3.428289942483518649e-02 7.432182900000000592e-02 9.995987664009667872e-01 2.116076813166534870e-02 1.882891663751806721e-02 9.842204999999999704e-02
4.315971106783807881e-02 3.513529701833585650e-02 -9.984501741418916332e-01 -6.468130589000000263e+00 -2.098355332244340038e-02 9.991928381681763893e-01 3.425438137506821995e-02 7.443638099999999591e-02 9.988478011341390683e-01 1.947262326595380899e-02 4.386213757487567033e-02 1.015791890000000003e-01
7.239939504884808363e-02 3.455291274336353552e-02 -9.967770181025996656e-01 -6.521880626999999819e+00 -1.924528821157808073e-02 9.992620483681958765e-01 3.324120293627343126e-02 7.513120800000000488e-02 9.971900252600875980e-01 1.677661801277972181e-02 7.301094856142564815e-02 1.076683999999999974e-01
1.060454388014386018e-01 3.459019654272761646e-02 -9.937594694957858632e-01 -6.561971188000000232e+00 -1.839886007400388587e-02 9.992919337978183325e-01 3.281939966839549083e-02 7.547964899999999588e-02 9.941910514872820404e-01 1.480369378743450620e-02 1.066067717964497286e-01 1.144909860000000029e-01
1.438440527040120431e-01 3.462257941373719089e-02 -9.889945224804963519e-01 -6.610982895000000248e+00 -1.786707677713673947e-02 9.993157480884216071e-01 3.238523104623575871e-02 7.643997700000000617e-02 9.894390613216790253e-01 1.301201818388036946e-02 1.443642314205878519e-01 1.235771179999999997e-01
1.844506153148013083e-01 3.443190080868412106e-02 -9.822384714094088976e-01 -6.648271560999999608e+00 -1.760135301898358567e-02 9.993416049680303725e-01 3.172615564203133676e-02 7.648299599999999754e-02 9.826841623237306811e-01 1.143681715435799010e-02 1.849352219872826275e-01 1.326560970000000006e-01
2.290968238638067533e-01 3.505406206513192457e-02 -9.727722539362693155e-01 -6.689353466000000026e+00 -1.635784056728466218e-02 9.993488871447233635e-01 3.215933479688427160e-02 7.726550100000000032e-02 9.732661847344183936e-01 8.544851978628658154e-03 2.295210647351830779e-01 1.450057030000000136e-01
2.773931901324831473e-01 3.407941033370736478e-02 -9.601518691641601766e-01 -6.729029654999999721e+00 -1.304338508298857717e-02 9.994121714399846201e-01 3.170460034745133798e-02 7.662410299999999896e-02 9.606679385582204134e-01 3.728990335404455680e-03 2.776746413653532475e-01 1.589436529999999903e-01
3.271353657772722578e-01 2.873824464969046422e-02 -9.445403992165843921e-01 -6.767706394000000181e+00 -5.720353677734083334e-03 9.995793714187503065e-01 2.843163357771540112e-02 7.729783699999999425e-02 9.449601737700756843e-01 -3.897887703664290951e-03 3.271621562159622298e-01 1.762914660000000078e-01
3.779171427880206879e-01 2.328921137531794402e-02 -9.255464579481976761e-01 -6.804142474999999912e+00 -4.239602472135457767e-04 9.996878188643517626e-01 2.498169473722292033e-02 7.751998300000000064e-02 9.258393237731089576e-01 -9.048615791974487163e-03 3.778090378850162967e-01 1.953148839999999942e-01
4.295232584779953844e-01 1.866462482536097867e-02 -9.028628922525132605e-01 -6.839605330999999566e+00 4.401089157859598179e-03 9.997312496365834411e-01 2.276090758954873658e-02 7.798594999999999833e-02 9.030450713229487558e-01 -1.374991927990580273e-02 4.293256792682291767e-01 2.163865570000000071e-01
4.798812758149432200e-01 1.773352910253220283e-02 -8.771541957191973937e-01 -6.873731135999999964e+00 4.464371203782926262e-03 9.997333942437849341e-01 2.265413480042184624e-02 7.917401200000000194e-02 8.773220791203063529e-01 -1.478723704315629967e-02 4.796741676478443184e-01 2.388811110000000071e-01
5.277769243128085375e-01 1.667126430587238459e-02 -8.492193986887933699e-01 -6.908218384000000434e+00 5.858716261867933511e-03 9.997121258724648296e-01 2.326673220115203430e-02 7.949082600000000054e-02 8.493628162373690893e-01 -1.725497986092554628e-02 5.275273187838940281e-01 2.632968430000000026e-01
5.722523127643458496e-01 1.213661945792545056e-02 -8.199878005214410459e-01 -6.940265178999999840e+00 1.346753067987566978e-02 9.996165642851473354e-01 2.419400802150420415e-02 8.009961999999999638e-02 8.199670213814965747e-01 -2.488828790599119378e-02 5.718694404948253540e-01 2.904968259999999858e-01
6.151705997538815529e-01 5.253565353879077054e-03 -7.883765174391751396e-01 -6.969358444000000041e+00 2.407672563456216691e-02 9.993861982604033134e-01 2.544676815110342646e-02 8.044157899999999917e-02 7.880262968208405772e-01 -3.463562873242690549e-02 6.146665183179752523e-01 3.195321560000000116e-01
