9.991585765324422219e-01 1.547581218505108018e-03 -4.098467925988830834e-02 -5.225351999999999948e-03 -1.686741403044030941e-03 9.999929290729646647e-01 -3.361057499049291668e-03 -4.074150000000000015e-04 4.097918795075184556e-02 3.427359981791914308e-03 9.991541219243665894e-01 3.852418400000000298e-02
9.985187263103812993e-01 1.436765691190080001e-03 -5.439015454880221506e-02 -7.000239999999999588e-03 -1.666041690206494438e-03 9.999899164496171000e-01 -4.170288260361898133e-03 -5.100219999999999494e-04 5.438361437584362384e-02 4.254727187098777258e-03 9.985110514080367539e-01 4.794852799999999721e-02
9.974376247975191845e-01 1.722185245261386062e-03 -7.152075724056818073e-02 -8.033550000000000413e-03 -2.007168024208741495e-03 9.999903300481873814e-01 -3.912938363920230242e-03 -8.040299999999999574e-04 7.151332683357609910e-02 4.046466124688148994e-03 9.974314363389074067e-01 6.183607900000000213e-02
9.959929593431413597e-01 -1.704299043022101175e-04 -8.943151509696845025e-02 -1.115039500000000044e-02 -2.103217912181296371e-04 9.999909549797462160e-01 -4.248025828457056320e-03 -6.008469999999999480e-04 8.943143017773849679e-02 4.249813212697589430e-03 9.959839147215286959e-01 6.979425300000000054e-02
9.940051771165409056e-01 -1.540448447761583921e-03 -1.093221609926088717e-01 -1.369331799999999946e-02 1.105651634684081579e-03 9.999912371660911736e-01 -4.037712903737705056e-03 -1.127346999999999898e-03 1.093274229092446176e-01 3.892635304016865694e-03 9.939981700136137910e-01 8.136390100000000236e-02
9.913049759448271381e-01 -1.674337502863569279e-03 -1.315737103716090872e-01 -1.676754299999999934e-02 1.090761287254986495e-03 9.999892471778240033e-01 -4.507301692042663642e-03 -1.382823999999999946e-03 1.315798423271581363e-01 4.324595085712580785e-03 9.912961429212285847e-01 9.342853700000000594e-02
9.878007203127274760e-01 1.784991222842443812e-03 -1.557130397750654816e-01 -2.059116999999999892e-02 -2.712879975725047271e-03 9.999798078971292581e-01 -5.746658181740908755e-03 -1.864753000000000027e-03 1.556996378669329439e-01 6.098983878879750756e-03 9.877856170059123864e-01 1.055977419999999944e-01
9.834743258539025978e-01 6.462069728025150554e-03 -1.809322857895791781e-01 -2.612664699999999937e-02 -7.952045066339617427e-03 9.999401745248277518e-01 -7.510815569563769958e-03 -2.201569000000000009e-03 1.808729260156829721e-01 8.825475969444296701e-03 9.834668757047376753e-01 1.193750199999999984e-01
9.777858797714830130e-01 9.230401300628923722e-03 -2.094028963776202179e-01 -2.993826000000000126e-02 -1.123162587291859013e-02 9.999018949379889776e-01 -8.369652302795117099e-03 -2.977332999999999976e-03 2.093050976439842503e-01 1.053566282908890983e-02 9.777936264411800638e-01 1.343127189999999971e-01
9.713147899104301874e-01 9.228805017667460892e-03 -2.376181980808767524e-01 -3.764970599999999806e-02 -1.166364052046254055e-02 9.998928749640689784e-01 -8.842968161093121143e-03 -2.656935000000000026e-03 2.375111331939332993e-01 1.136079900511219667e-02 9.713183792428201624e-01 1.502392740000000060e-01
9.633791403217947247e-01 1.224543804574123977e-02 -2.678631763417803624e-01 -4.511436399999999708e-02 -1.491405742313450973e-02 9.998573314618262042e-01 -7.930171071005564024e-03 -3.819331999999999935e-03 2.677278522754389378e-01 1.163468818249462251e-02 9.634243255943234496e-01 1.661777650000000051e-01
9.538012445749939339e-01 1.425690197652566132e-02 -3.000998610349966400e-01 -5.161312600000000222e-02 -1.707436487811010012e-02 9.998313163994383412e-01 -6.767925160300955825e-03 -4.109243000000000270e-03 2.999527494643142722e-01 1.157926996826713455e-02 9.538837814932175085e-01 1.794646079999999977e-01
9.424973006974454171e-01 1.618672731914789012e-02 -3.338215511867451690e-01 -5.957322599999999996e-02 -1.941845708791678157e-02 9.997913029363340032e-01 -6.346187610875970997e-03 -3.617333999999999827e-03 3.336491596008506200e-01 1.246356415971179923e-02 9.426149255481173217e-01 1.948401329999999987e-01
9.304110303877242139e-01 1.728406871544468232e-02 -3.661100592738377735e-01 -6.793697199999999825e-02 -2.091071778540377207e-02 9.997636868658532627e-01 -5.942415846709779050e-03 -3.387684000000000181e-03 3.659208335344578122e-01 1.318451337880225532e-02 9.305525843241808648e-01 2.052695300000000056e-01
9.165016581214180391e-01 2.062680582336265736e-02 -3.994987428543634311e-01 -7.576254000000000322e-02 -2.482840199234474451e-02 9.996774413906019952e-01 -5.344495228380430341e-03 -3.501512000000000027e-03 3.992596412301123165e-01 1.481715412165716950e-02 9.167181632478638154e-01 2.171643380000000123e-01
9.003554205965621504e-01 2.151626408161280701e-02 -4.346230170876341226e-01 -8.727345599999999926e-02 -2.611199120294802056e-02 9.996484178343809646e-01 -4.604849252264739748e-03 -3.502092999999999959e-03 4.343711322334908309e-01 1.549487338409761585e-02 9.006007041863813845e-01 2.363793550000000132e-01
8.822116649720482817e-01 1.640164179434372427e-02 -4.705672792850099095e-01 -9.614864700000000375e-02 -2.130586852409441928e-02 9.997600104115645925e-01 -5.097209854628048133e-03 -3.530926000000000203e-03 4.703707454271369159e-01 1.452266257675058347e-02 8.823493945813083439e-01 2.470520880000000030e-01
8.609601820678064454e-01 1.214733447132858475e-02 -5.085272924426093022e-01 -1.051869990000000032e-01 -1.732016878830378373e-02 9.998351927710703579e-01 -5.440500857561962438e-03 -3.915085999999999913e-03 5.083773958850984487e-01 1.349183314743171783e-02 8.610286834893525754e-01 2.586947680000000194e-01
8.361603555763260642e-01 1.393530026854284017e-02 -5.483080039256198468e-01 -1.194540409999999969e-01 -1.803891667982522595e-02 9.998350840561253117e-01 -2.098136196502724260e-03 -4.384980999999999601e-03 5.481883410357157871e-01 1.164526070581081707e-02 8.362738371225082457e-01 2.751193339999999932e-01
8.074102004990522108e-01 1.987521480004771773e-02 -5.896556147165329387e-01 -1.329503360000000023e-01 -2.297109798297345545e-02 9.997336124712304928e-01 2.243379744994581856e-03 -5.223891999999999945e-03 5.895431254688133782e-01 1.173370921216233126e-02 8.076516719976424286e-01 2.869614360000000142e-01
7.747521498612262025e-01 2.375869867226455129e-02 -6.318185107471993023e-01 -1.451710160000000138e-01 -2.695959408718487382e-02 9.996262549915195805e-01 4.531072531271218562e-03 -5.558612000000000102e-03 6.316900241194746135e-01 1.352311240173461812e-02 7.751031149846501211e-01 2.959401609999999794e-01
7.388186340337130620e-01 2.236858069990026870e-02 -6.735329781102262769e-01 -1.621826590000000068e-01 -2.571447627634901312e-02 9.996568617694931991e-01 4.992436980220386900e-03 -5.710650000000000275e-03 6.734135369254107273e-01 1.363104231672828889e-02 7.391403134527083640e-01 3.100651200000000274e-01
7.002177857267830596e-01 1.837854487331562134e-02 -7.136927081316023491e-01 -1.807346639999999893e-01 -2.008833111611638481e-02 9.997799848580586346e-01 6.036624072231318999e-03 -5.626171000000000123e-03 7.136466292955151447e-01 1.010994389498262591e-02 7.004329215061140257e-01 3.235033150000000135e-01
6.567388900590787060e-01 1.523328641117476130e-02 -7.539641750568023548e-01 -1.969310049999999923e-01 -1.510548437822919858e-02 9.998610946043607894e-01 7.043851096420896719e-03 -5.713720000000000257e-03 7.539667463659577296e-01 6.763023117260105223e-03 6.568777716536365885e-01 3.340557809999999961e-01
6.145452635629667926e-01 1.534030182653784921e-02 -7.887323970601146650e-01 -2.202125789999999916e-01 -1.309336938157186492e-02 9.998715381999031537e-01 9.245040616316991741e-03 -5.946761000000000061e-03 7.887728967900465848e-01 4.645668695715825594e-03 6.146671742104081737e-01 3.468421700000000052e-01
5.684167688945740426e-01 1.637014986074741482e-02 -8.225778960274759966e-01 -2.417296019999999879e-01 -1.105781287490090886e-02 9.998637340575128318e-01 1.225716488389472919e-02 -6.035752999999999605e-03 8.226664583012218701e-01 2.128734390190045386e-03 5.685203311017293926e-01 3.547667259999999767e-01
5.173661374043618810e-01 1.716013441362326808e-02 -8.555920813414517045e-01 -2.652552129999999897e-01 -1.032262456798124957e-02 9.998513319451636239e-01 1.381149628065746378e-02 -5.203802000000000427e-03 8.557018892636145679e-01 1.686355356527020205e-03 5.174663592121637734e-01 3.664440210000000087e-01
4.638438494260095912e-01 1.902458366839428552e-02 -8.857126783364375200e-01 -2.850299479999999774e-01 -1.081668325879068387e-02 9.998164918870897644e-01 1.581081635691309467e-02 -5.191684999999999703e-03 8.858509370729030774e-01 2.246723578302114478e-03 4.639645132121877902e-01 3.712614770000000064e-01
4.101806869304211456e-01 2.169021647320005033e-02 -9.117463126213530833e-01 -3.114158510000000213e-01 -1.059346393231897290e-02 9.997630137924387039e-01 1.901827475284439267e-02 -5.170163000000000189e-03 9.119427518168029545e-01 1.857622675825914074e-03 4.103132542909037062e-01 3.802822829999999987e-01
3.562769710356659680e-01 2.378875596730391923e-02 -9.340775208724269030e-01 -3.404809240000000181e-01 -1.339068402035377935e-02 9.997031866512033904e-01 2.035259641657800531e-02 -3.553468000000000165e-03 9.342844371448760787e-01 5.256775528508325634e-03 3.564897709891892141e-01 3.877738419999999797e-01
3.017911673830830366e-01 2.769776412006577648e-02 -9.529716287237018912e-01 -3.724260329999999897e-01 -1.270847027319006728e-02 9.996059543427396887e-01 2.502860015774358016e-02 -3.778389999999999960e-03 9.532893506553355989e-01 4.557401155258834421e-03 3.020242440961299346e-01 3.966186939999999939e-01
2.502788817758221929e-01 2.994822447304291285e-02 -9.677104862447014622e-01 -3.961383099999999935e-01 -5.805010878825164755e-03 9.995499216735819203e-01 2.943222606315949730e-02 -5.629661000000000214e-03 9.681563836414761592e-01 -1.748694727057095374e-03 2.503400864444422780e-01 3.947118820000000139e-01
2.016738181439570177e-01 3.041684265034276524e-02 -9.789803301182421480e-01 -4.209823910000000113e-01 -1.049121929664579775e-03 9.995238142163034301e-01 3.083900383717337254e-02 -6.771080999999999975e-03 9.794521787297300053e-01 -5.192349918561576377e-03 2.016096949154686513e-01 3.915774819999999767e-01
1.564372794065573558e-01 3.211805652897106733e-02 -9.871655423771011906e-01 -4.493044609999999883e-01 8.288605118680313077e-04 9.994665151214704446e-01 3.264962696870252201e-02 -9.551521000000000317e-03 9.876875470522682443e-01 -5.925841353375952900e-03 1.563272010947808210e-01 3.868096469999999787e-01
1.147187832588639489e-01 3.245624159151241916e-02 -9.928676614480699270e-01 -4.787366390000000194e-01 6.118454028611792356e-03 9.994240873041734252e-01 3.337751093955031167e-02 -1.253615999999999932e-02 9.933791649153437264e-01 -9.903842586259944611e-03 1.144541332330162309e-01 3.841245169999999987e-01
7.749576978621050549e-02 3.158667267728506450e-02 -9.964921915270691377e-01 -5.063506359999999651e-01 9.131458098323068720e-03 9.994335901848380166e-01 3.239004913926176593e-02 -1.434562399999999953e-02 9.969508624492190441e-01 -1.160951848369583782e-02 7.716344304355193806e-02 3.806771339999999726e-01
4.318174200535689761e-02 2.785853005149702480e-02 -9.986787468754667607e-01 -5.454959870000000155e-01 1.410676839087525794e-02 9.994944962138733180e-01 2.849124644064571915e-02 -1.475884300000000066e-02 9.989676352329683873e-01 -1.531843143227275272e-02 4.276691964013490388e-02 3.759824039999999923e-01
1.329721612603513778e-02 2.669735937813975599e-02 -9.995551185630197066e-01 -5.767838950000000464e-01 1.990000093804888612e-02 9.994384441293590049e-01 2.695897548038312178e-02 -2.047051899999999952e-02 9.997135459750275954e-01 -2.024962712053479316e-02 1.275847151958797721e-02 3.706040979999999929e-01
-1.366787070982994866e-02 2.483301784706480261e-02 -9.995981745355813075e-01 -6.155210730000000297e-01 2.840330621150626358e-02 9.992977915038676606e-01 2.443718665779525887e-02 -2.498015400000000094e-02 9.995030972971092886e-01 -2.805788873204606917e-02 -1.436361282495945968e-02 3.666763310000000220e-01
-3.502942104172856314e-02 2.312680319887220476e-02 -9.991186569348418089e-01 -6.552993059999999703e-01 3.403823678496685490e-02 9.991797945353533272e-01 2.193482684817811210e-02 -2.988898900000000122e-02 9.988064567763126345e-01 -3.323987313588396691e-02 -3.578788532252930032e-02 3.616428970000000187e-01
-5.083976599556533360e-02 2.334579122155394995e-02 -9.984339198092959666e-01 -7.161331180000000129e-01 3.816028911226598819e-02 9.990420953896502754e-01 2.141690860803700108e-02 -3.614349699999999666e-02 9.979775100313554859e-01 -3.701169641743472238e-02 -5.168194849189822193e-02 3.558782340000000155e-01
-6.516697833248812077e-02 2.390507429357057942e-02 -9.975879973005048473e-01 -7.467322349999999664e-01 4.649033309394383362e-02 9.987001840847891110e-01 2.089476579966040998e-02 -3.914132000000000028e-02 9.967908074735778445e-01 -4.501654953489193228e-02 -6.619362812344886660e-02 3.525430560000000213e-01
-7.443062597231973887e-02 2.645742575607143779e-02 -9.968751609603536679e-01 -7.895120380000000271e-01 4.687150648935919928e-02 9.986359960797495106e-01 2.300454766398160600e-02 -4.397333400000000281e-02 9.961240604446752744e-01 -4.501279769319399549e-02 -7.556920170972425410e-02 3.479245309999999813e-01
-8.092787043226497279e-02 2.822626152055786319e-02 -9.963202085413459530e-01 -8.386921880000000051e-01 5.119728406328043213e-02 9.983970901323833136e-01 2.412651072437425534e-02 -4.935618099999999897e-02 9.954041982490539064e-01 -4.905638160079327237e-02 -8.224325827929634958e-02 3.425593379999999910e-01
-8.474334261837518367e-02 2.903447063553456567e-02 -9.959797012975608599e-01 -8.845199940000000316e-01 5.369760313339948243e-02 9.982558546067183958e-01 2.453194165039539881e-02 -4.982849200000000200e-02 9.949548398292216156e-01 -5.140280399282474294e-02 -8.615461938911128659e-02 3.350654840000000245e-01
-8.578070635972627478e-02 2.950428074459639921e-02 -9.958770847018070249e-01 -9.426164630000000155e-01 5.369147140478710417e-02 9.982458306692787442e-01 2.494969839077416235e-02 -4.776568700000000112e-02 9.948662705684694352e-01 -5.132990326452708391e-02 -8.721436072137978002e-02 3.331581350000000219e-01
-8.468389214872272530e-02 3.149621336504253299e-02 -9.959099492194094516e-01 -1.002479791999999925e+00 5.450676237133804392e-02 9.981501221234910792e-01 2.693225873658289943e-02 -4.497717700000000013e-02 9.949159016049233806e-01 -5.200309845118341462e-02 -8.624399390762549356e-02 3.287209269999999961e-01
-8.368508382281451830e-02 3.442662725401822443e-02 -9.958973913418399659e-01 -1.053781151999999999e+00 6.516032855187402217e-02 9.974531777040055447e-01 2.900499734861846854e-02 -5.316095099999999796e-02 9.943595618932724589e-01 -6.246571558938888991e-02 -8.571520312829716826e-02 3.240919110000000103e-01
-8.336340062491953695e-02 3.443013615074538847e-02 -9.959242487061404914e-01 -1.110048890000000066e+00 6.978400834905167105e-02 9.971511621334200326e-01 2.863131213740183201e-02 -5.727080300000000207e-02 9.940728019692465223e-01 -6.711278254260497067e-02 -8.552858472113500365e-02 3.207055329999999871e-01
-8.086581479181696730e-02 3.226574691406021433e-02 -9.962026107043353562e-01 -1.165101050999999943e+00 7.471976831651991335e-02 9.968597581520763917e-01 2.622172381269521554e-02 -6.111808500000000255e-02 9.939203570813817112e-01 -7.231558720678062102e-02 -8.302276571011935058e-02 3.142106530000000064e-01
-8.032162246201171585e-02 3.194819650647713616e-02 -9.962568693389539654e-01 -1.220807313999999977e+00 8.101478417455178216e-02 9.963886746430170582e-01 2.542073540011621779e-02 -6.578735300000000674e-02 9.934712082945438283e-01 -7.866970054039515436e-02 -8.261983119483906624e-02 3.075493570000000232e-01
-7.999204303276891137e-02 3.457249489618262339e-02 -9.961957717477510910e-01 -1.282525300999999951e+00 9.455355679882861131e-02 9.951550872882999332e-01 2.694396297701640020e-02 -7.284317899999999402e-02 9.923008102123743734e-01 -9.203855084077304516e-02 -8.287344092648796234e-02 3.046969179999999833e-01
-7.556190376561723598e-02 3.831191006007859251e-02 -9.964048355196115647e-01 -1.319176793000000014e+00 9.727211679889327667e-02 9.947788725108460683e-01 3.087280517724930173e-02 -7.558110399999999618e-02 9.923852749778072635e-01 -9.458959960586774129e-02 -7.889406602288639991e-02 2.829661370000000065e-01
-7.416375522099144524e-02 4.189213327748443627e-02 -9.963657895476853987e-01 -1.374523520000000110e+00 1.171618439388837224e-01 9.925640269710884755e-01 3.301143268288816990e-02 -9.291750899999999536e-02 9.903397597473109215e-01 -1.142878013280406169e-01 -7.852043511876893866e-02 2.721321580000000129e-01
-7.358530772120550068e-02 4.078120293902326443e-02 -9.964547636367750982e-01 -1.438362598000000103e+00 1.388544578873395774e-01 9.898504729230005461e-01 3.025691291135220590e-02 -1.105790729999999999e-01 9.875751323379848845e-01 -1.361357217667659436e-01 -7.850110347411143330e-02 2.685793639999999871e-01
-7.172197945256007789e-02 3.945551896479507215e-02 -9.966439784028325866e-01 -1.507165670000000013e+00 1.586268959278561985e-01 9.869511784137634525e-01 2.765645161579367850e-02 -1.322467770000000098e-01 9.847301485948828370e-01 -1.561109651847119584e-01 -7.704479863947999441e-02 2.545642850000000013e-01
-7.582664478987413692e-02 4.026376411526480514e-02 -9.963077582951868072e-01 -1.572794676000000003e+00 1.859098643256823502e-01 9.822346619458820483e-01 2.554586499739754102e-02 -1.524157819999999997e-01 9.796365868455080284e-01 -1.832863829402751610e-01 -8.196498973558263845e-02 2.694771289999999819e-01
-7.337269982991884154e-02 4.278851768417833712e-02 -9.963862652977807377e-01 -1.644836307000000053e+00 1.860165867908537551e-01 9.821338039237329509e-01 2.847842392021361635e-02 -1.512021420000000116e-01 9.798031824597986938e-01 -1.832548333460522483e-01 -8.002118280156333974e-02 2.636835579999999846e-01
-7.132133374589046115e-02 4.488889468193434096e-02 -9.964428004090055691e-01 -1.717726469000000034e+00 1.863335578860223496e-01 9.820004664563850572e-01 3.090127966571093454e-02 -1.499336960000000052e-01 9.798944190872012072e-01 -1.834668117499083928e-01 -7.840189046241174964e-02 2.580418589999999845e-01
-6.964309281752412151e-02 4.661329081870985158e-02 -9.964823333817115492e-01 -1.789542197999999917e+00 1.866910940064737956e-01 9.818682230315789461e-01 3.288203186355082019e-02 -1.487188939999999904e-01 9.799470776738282707e-01 -1.837443705800533844e-01 -7.708262604935256501e-02 2.526909110000000180e-01
-6.874225513291472300e-02 4.216789904572376679e-02 -9.967428809122795830e-01 -1.861803531999999928e+00 1.865178672178992858e-01 9.820328033315467442e-01 2.868202205684958206e-02 -1.479879169999999966e-01 9.800436661535685268e-01 -1.839386894344231249e-01 -7.537221611057676185e-02 2.469818589999999980e-01
-6.828130422136528821e-02 3.544766740373034297e-02 -9.970361710436907998e-01 -1.934819220999999922e+00 1.872597181924348653e-01 9.820620083074090845e-01 2.209094343183116982e-02 -1.475501059999999864e-01 9.799344169057024878e-01 -1.851963139882999987e-01 -7.369439496208485263e-02 2.416377070000000071e-01
-6.677753271397011969e-02 3.076075146830656304e-02 -9.972936063636121951e-01 -2.021327019000000114e+00 1.906311994801441201e-01 9.815055620232551181e-01 1.750935470471931543e-02 -1.480515299999999868e-01 9.793878225245584712e-01 -1.889460449083792126e-01 -7.140647872626537662e-02 2.295613290000000084e-01
-6.911082614415718639e-02 3.137938479030637218e-02 -9.971153533668277724e-01 -2.082125425000000085e+00 1.912676898453274377e-01 9.813796157501359918e-01 1.762726897017835581e-02 -1.452968420000000094e-01 9.791018152015160680e-01 -1.894977150265861887e-01 -7.382581844313695907e-02 2.315478320000000090e-01
-6.892224637011318267e-02 3.876266341128224713e-02 -9.968686873809212701e-01 -2.159466028000000204e+00 1.907340338208346475e-01 9.813240912264732385e-01 2.497110972642792304e-02 -1.443363579999999979e-01 9.792192054375413734e-01 -1.884157209571437064e-01 -7.502841993851150360e-02 2.258734699999999929e-01
-6.933570424994335568e-02 4.596995578663411186e-02 -9.965336538627982410e-01 -2.235808372000000155e+00 1.893768208191502489e-01 9.813798206339410246e-01 3.209466293521635871e-02 -1.432169379999999881e-01 9.794534087196775651e-01 -1.864950691505504743e-01 -7.675030508040703303e-02 2.200281619999999994e-01
-6.956057289096716223e-02 5.116642139759422503e-02 -9.962646857238515175e-01 -2.310997486000000212e+00 1.870438364918873830e-01 9.816410512590716397e-01 3.735571861684430783e-02 -1.425236310000000117e-01 9.798856718666095755e-01 -1.837466837914321638e-01 -7.785387765663887016e-02 2.132844919999999922e-01
-6.985863704158375154e-02 5.177912518414962140e-02 -9.962121726950819989e-01 -2.386604308999999979e+00 1.852990014349146231e-01 9.819454980143891287e-01 3.804364594116410592e-02 -1.413938849999999969e-01 9.801959247507180395e-01 -1.819394435641631391e-01 -7.819199433220080930e-02 2.071821689999999994e-01
-7.023807989376994187e-02 4.807920502275495056e-02 -9.963709159631348733e-01 -2.461584329999999987e+00 1.852929174913586219e-01 9.820835706968004120e-01 3.432775691715236888e-02 -1.400833429999999991e-01 9.801699581503082737e-01 -1.822093581894256853e-01 -7.788840047029221836e-02 2.008123400000000058e-01
-7.049037138801772517e-02 4.536939733390855933e-02 -9.964801680551084173e-01 -2.536467551999999959e+00 1.851272594020099693e-01 9.822055994640124243e-01 3.162369693506664192e-02 -1.386595959999999961e-01 9.801831488899818146e-01 -1.822464764188816144e-01 -7.763514967475615425e-02 1.946291920000000064e-01
-7.060805965965874509e-02 4.682220729716782270e-02 -9.964046280577579795e-01 -2.611900330000000103e+00 1.827963245956726046e-01 9.825894184889264471e-01 3.321954827969325619e-02 -1.376811860000000109e-01 9.806120566388175641e-01 -1.797935359722768744e-01 -7.793765968499444252e-02 1.886270049999999865e-01
-7.037962319812461620e-02 4.896881438868776193e-02 -9.963176019000448136e-01 -2.689108849000000134e+00 1.820282515697596026e-01 9.826544682314550805e-01 3.543884443957655284e-02 -1.363555340000000005e-01 9.807713414802383678e-01 -1.788637785638066413e-01 -7.807255887270025951e-02 1.816010479999999871e-01
-7.024629129833774577e-02 4.733929391067166759e-02 -9.964057656451353884e-01 -2.764161824999999961e+00 1.814088496868972999e-01 9.828231272836372989e-01 3.390471547864871982e-02 -1.349449460000000101e-01 9.808956559258003027e-01 -1.783751432471757381e-01 -7.762744654723452431e-02 1.754961009999999877e-01
-6.987937275673079818e-02 4.234070750000709649e-02 -9.966564793104616404e-01 -2.838911294999999946e+00 1.805130055845554082e-01 9.831417274504932191e-01 2.911011096664377351e-02 -1.342498209999999914e-01 9.810871154377455161e-01 -1.778752603204247773e-01 -7.634437561461204780e-02 1.698243620000000065e-01
-6.946317038533142418e-02 3.809537372222750184e-02 -9.968568655835111647e-01 -2.914951562999999801e+00 1.787798899716990797e-01 9.835681196211009114e-01 2.512976336376633590e-02 -1.333067270000000137e-01 9.814339605402523370e-01 -1.764723677122725931e-01 -7.513244660131113140e-02 1.628582480000000110e-01
-6.877592699140396004e-02 3.857250568415597491e-02 -9.968861688636869722e-01 -2.989670752999999959e+00 1.794374798357769585e-01 9.834343466674257961e-01 2.567248770568121563e-02 -1.320091929999999969e-01 9.813623503562070027e-01 -1.771130926839091235e-01 -7.455796203815412415e-02 1.568925379999999981e-01
-6.848597411310676508e-02 4.125251917479498542e-02 -9.967988267506699973e-01 -3.064461946000000214e+00 1.801972261034011646e-01 9.832230162512696214e-01 2.831006920506001778e-02 -1.315699070000000137e-01 9.812434107062419919e-01 -1.776815408968774879e-01 -7.477057556347066480e-02 1.521522999999999903e-01
-6.818495857259844473e-02 4.617166413240793299e-02 -9.966037270930191427e-01 -3.139779090999999855e+00 1.807772796538278381e-01 9.829645102386663780e-01 3.317147527952971076e-02 -1.303831639999999958e-01 9.811576767194020166e-01 -1.779015150090151320e-01 -7.537018224790492660e-02 1.466028689999999968e-01
-6.725840135405006248e-02 5.167069210374812538e-02 -9.963967317413362501e-01 -3.216187000000000129e+00 1.814151215339135370e-01 9.826443695508738640e-01 3.871171229487374577e-02 -1.290091869999999974e-01 9.811038992513139156e-01 -1.781577463022177010e-01 -7.546493428329303921e-02 1.403074260000000129e-01
-6.755609529119963041e-02 5.459115581752213564e-02 -9.962208488560722053e-01 -3.290718555000000212e+00 1.806916620809889129e-01 9.826598531170502859e-01 4.159490745736683925e-02 -1.277259440000000079e-01 9.812169470832716733e-01 -1.771988114477188736e-01 -7.624882935560195474e-02 1.349053380000000135e-01
-6.736541518127500683e-02 5.465656285528404379e-02 -9.962301746957380466e-01 -3.366067409999999871e+00 1.813338768178189842e-01 9.825394835224761092e-01 4.164358819321301031e-02 -1.262940469999999926e-01 9.811115767106586283e-01 -1.778449421721974288e-01 -7.610026667557256985e-02 1.292104719999999929e-01
-6.726425798503565812e-02 5.011075796292599471e-02 -9.964760065019646618e-01 -3.440618277000000003e+00 1.810938431133578275e-01 9.827621335096293764e-01 3.719689403748653589e-02 -1.242184270000000063e-01 9.811628506951111106e-01 -1.779536481109125767e-01 -7.517951542714529367e-02 1.238508219999999993e-01
-6.693308468499858943e-02 4.589594231213924014e-02 -9.967013216876116077e-01 -3.515059948000000212e+00 1.799266619058700889e-01 9.831200213156350287e-01 3.318764866265948299e-02 -1.231740790000000058e-01 9.814002030313432323e-01 -1.771117900299869485e-01 -7.406115933748458335e-02 1.180469989999999997e-01
-6.686501144278840514e-02 4.329962556493469061e-02 -9.968220566734528054e-01 -3.590008496999999910e+00 1.760227378901644824e-01 9.839000287947304857e-01 3.093103754126091953e-02 -1.223149149999999963e-01 9.821125526081041501e-01 -1.733951434258321211e-01 -7.341020532547826161e-02 1.120953559999999932e-01
-6.742706683976468218e-02 4.169200357684769986e-02 -9.968527310967922883e-01 -3.664953709000000170e+00 1.729612866166605478e-01 9.844874673865771086e-01 2.947575089243205382e-02 -1.212960710000000053e-01 9.826179237065111316e-01 -1.704294675122569047e-01 -7.359220484666340045e-02 1.056945319999999938e-01
-6.785935513881666270e-02 3.952819682589855943e-02 -9.969115455123572778e-01 -3.739004850000000157e+00 1.750491971843813888e-01 9.841864299303033636e-01 2.710811144560947017e-02 -1.204182510000000039e-01 9.822183496989084217e-01 -1.726690267440488258e-01 -7.370563559196430248e-02 9.990811300000000672e-02
-6.940299035655139726e-02 3.596125362038340989e-02 -9.969403257806449536e-01 -3.813061236999999881e+00 1.786585140952976769e-01 9.836412493134006896e-01 2.304404457625784663e-02 -1.197904500000000066e-01 9.814603202732284926e-01 -1.765125516421500729e-01 -7.469242827722599731e-02 9.561538699999999613e-02
-6.995162615245870130e-02 3.430015518896141480e-02 -9.969605154431344651e-01 -3.887177706000000121e+00 1.828109580287871627e-01 9.829239848742949981e-01 2.099032118462253182e-02 -1.190096739999999959e-01 9.806563738757956283e-01 -1.807869998447060866e-01 -7.502757535684179135e-02 9.008932099999999998e-02
-7.180642672110232327e-02 3.808793800409905617e-02 -9.966910986158865615e-01 -3.980973243999999855e+00 1.830850944573383932e-01 9.827950539658625306e-01 2.436657726856006345e-02 -1.188667570000000034e-01 9.804711547358722079e-01 -1.807296070897990159e-01 -7.754433475162725298e-02 8.263778700000000421e-02
-7.372820051144507447e-02 4.407583482146247567e-02 -9.963039060618679166e-01 -4.035503863999999830e+00 1.855725202981150512e-01 9.821810721637512787e-01 2.971836458268804770e-02 -1.180370149999999951e-01 9.798607003852892738e-01 -1.826955452879326369e-01 -8.059370677909738490e-02 7.912683500000000647e-02
-7.566040582403238401e-02 4.811733049232110038e-02 -9.959720003578591552e-01 -4.109570502999999597e+00 1.874332688355261900e-01 9.817164532032419677e-01 3.318998709966890226e-02 -1.175335789999999991e-01 9.793591132593661985e-01 -1.841671198024760203e-01 -8.329585379530202172e-02 7.353210400000000091e-02
-7.728907882438731947e-02 4.699752099991739984e-02 -9.959004123477103176e-01 -4.182462691999999649e+00 1.871841729974153545e-01 9.818097989202104747e-01 3.180572469744399888e-02 -1.163932530000000021e-01 9.792795738060459110e-01 -1.839585599098836066e-01 -8.468036704059822561e-02 6.762075400000000514e-02
-7.802647886297844892e-02 4.326824379854667113e-02 -9.960119114121250838e-01 -4.254501819999999768e+00 1.838318235446483873e-01 9.825507482339330689e-01 2.828228769367113760e-02 -1.163731959999999982e-01 9.798559737270038372e-01 -1.808919186241548516e-01 -8.461905534793989769e-02 6.063032200000000038e-02
-7.980324867744240103e-02 3.934993203380833526e-02 -9.960336461934711227e-01 -4.344690800000000408e+00 1.795165552338850445e-01 9.834505767996295500e-01 2.446976480139231858e-02 -1.148037610000000042e-01 9.805127474426253986e-01 -1.768517623361741398e-01 -8.554651518971179147e-02 5.300951000000000274e-02
-8.108917706953805427e-02 3.789864648301498329e-02 -9.959860631338878223e-01 -4.397866726000000170e+00 1.749415499373180305e-01 9.843051850281402393e-01 2.321113595340125457e-02 -1.145682779999999956e-01 9.812339167944176266e-01 -1.723571736872993032e-01 -8.644654539547647065e-02 4.720020300000000307e-02
-8.181253176482504441e-02 3.875741332370000181e-02 -9.958938560703570753e-01 -4.488395691000000021e+00 1.733053664777779723e-01 9.845737202083212347e-01 2.407985517293401156e-02 -1.139227450000000058e-01 9.814641917035141772e-01 -1.706237157830126638e-01 -8.726733647914974856e-02 3.811931600000000031e-02
-8.248044381095750999e-02 4.045815788542783675e-02 -9.957711151912697067e-01 -4.541558743000000398e+00 1.729891446545033240e-01 9.845890256921105976e-01 2.567501350269507654e-02 -1.138614119999999952e-01 9.814640758685212463e-01 -1.701399069800440533e-01 -8.820816193738056921e-02 3.283309899999999754e-02
-8.342436499138014550e-02 4.045812551311264715e-02 -9.956924803400647450e-01 -4.630227088999999907e+00 1.712479154800330694e-01 9.848934648569407369e-01 2.567127433208828136e-02 -1.146630939999999932e-01 9.816896285331370153e-01 -1.683686519577058949e-01 -8.909248154820059717e-02 2.429151499999999964e-02
-8.434443175325960496e-02 3.977866013563520486e-02 -9.956423429274356973e-01 -4.682562828000000010e+00 1.698253626990954279e-01 9.851576943593312041e-01 2.497325426786470293e-02 -1.127731950000000066e-01 9.818581175589171650e-01 -1.669789670659761749e-01 -8.984799130330745065e-02 2.048254000000000047e-02
-8.458697218558917930e-02 4.147965054515290184e-02 -9.955523505708410159e-01 -4.768580436999999783e+00 1.715326644170425407e-01 9.848230805093369788e-01 2.645836605102726280e-02 -1.123990710000000032e-01 9.815404164752794536e-01 -1.685317141868315494e-01 -9.041831749586748401e-02 1.206159600000000082e-02
-8.502483950151439041e-02 4.430822441963191971e-02 -9.953931675054441541e-01 -4.823488235000000124e+00 1.723936479629696317e-01 9.845981396769718508e-01 2.910212168667396238e-02 -1.109681129999999932e-01 9.813517243118092814e-01 -1.691250560781157875e-01 -9.135375524198641184e-02 7.650851999999999653e-03
-8.586929223671248279e-02 4.859327191650421318e-02 -9.951206753832494423e-01 -4.910663128000000377e+00 1.717456422269095784e-01 9.845797595559567794e-01 3.325855452061454720e-02 -1.099055260000000034e-01 9.813918172813712593e-01 -1.680517509494709461e-01 -9.289084979686945687e-02 7.281300000000000099e-04
-8.621526892939652964e-02 5.039917140101326382e-02 -9.950009301128934780e-01 -4.959789752999999912e+00 1.713635574005291373e-01 9.845851443107106471e-01 3.502320370400890948e-02 -1.089119320000000030e-01 9.814282748109854904e-01 -1.674873640748705539e-01 -9.352285430195328431e-02 -4.266261999999999832e-03
-8.703261016455310362e-02 4.980234849410618281e-02 -9.949598237378316501e-01 -5.045556545000000170e+00 1.714046748849132884e-01 9.846037736912530702e-01 3.429061475886605037e-02 -1.067540200000000050e-01 9.813489502697512190e-01 -1.675563634047223804e-01 -9.422899175435606178e-02 -1.188039800000000035e-02
-8.707483605498837764e-02 4.789166627596427167e-02 -9.950499290122624130e-01 -5.130563736000000041e+00 1.719374332224737068e-01 9.845768298270107799e-01 3.234169483284597690e-02 -1.062882539999999987e-01 9.812520022822192045e-01 -1.682701829472625366e-01 -9.396623621296373852e-02 -2.035808600000000093e-02
-8.786078296354313255e-02 4.385385551540192661e-02 -9.951669820555075763e-01 -5.213986397000000217e+00 1.726277776977176437e-01 9.845848950681004297e-01 2.814666535994789220e-02 -1.031253639999999971e-01 9.810607183982957835e-01 -1.693204764940488827e-01 -9.407679339586194622e-02 -2.771472900000000045e-02
-8.659704524158937100e-02 4.157603556473397910e-02 -9.953754995086756541e-01 -5.224830627000000227e+00 1.720181672798523631e-01 9.847461906269805443e-01 2.616658501469168452e-02 -1.060267240000000027e-01 9.812801342537749161e-01 -1.689567202344148811e-01 -9.242794386181496513e-02 -3.066682800000000014e-02
-8.633593547864981677e-02 3.932354353289632676e-02 -9.954897112321365871e-01 -5.305529117999999933e+00 1.713041384408604262e-01 9.849246235215074474e-01 2.404949342608615759e-02 -1.059263200000000044e-01 9.814280403565311950e-01 -1.684551717966333295e-01 -9.177067449303077940e-02 -3.591680500000000303e-02
-8.410279480330065671e-02 3.834343713429202993e-02 -9.957190872605599097e-01 -5.348230361999999793e+00 1.695828335452276014e-01 9.852329423341010806e-01 2.361592484874325271e-02 -1.045137490000000030e-01 9.819207618097529622e-01 -1.668706989510694572e-01 -8.936323269967361149e-02 -4.042673100000000047e-02
-7.957104789629179664e-02 3.928915180745003177e-02 -9.960546224414286165e-01 -5.427508354000000423e+00 1.693434866288060503e-01 9.852314301349228698e-01 2.533402081577119935e-02 -1.041353490000000021e-01 9.823396723501933714e-01 -1.666595080532331519e-01 -8.504925926996009800e-02 -4.803276100000000021e-02
-7.411670494147561128e-02 4.084873524070127548e-02 -9.964126127653409881e-01 -5.502038479000000315e+00 1.695372485606638224e-01 9.851322969658982132e-01 2.777550764924062443e-02 -1.029897780000000040e-01 9.827328402974524479e-01 -1.668704236943396313e-01 -7.994014196243115489e-02 -5.212545400000000162e-02
-6.677965854107480170e-02 4.169079143808782084e-02 -9.968963612705201705e-01 -5.527323723000000300e+00 1.703580133280814535e-01 9.849321722029922288e-01 2.977857374698240911e-02 -1.028927270000000033e-01 9.831167908748414952e-01 -1.678406806133754814e-01 -7.287579454930293021e-02 -5.461311299999999785e-02
-5.785634869229135113e-02 4.307565923985226530e-02 -9.973951726858559796e-01 -5.599805832000000372e+00 1.695895500842722059e-01 9.849720733027841346e-01 3.270167145313641888e-02 -1.023050989999999966e-01 9.838150371986650322e-01 -1.672557992856058551e-01 -6.429206939524501063e-02 -5.867338200000000309e-02
-4.631670038847851556e-02 4.526358276498815975e-02 -9.979007823127513666e-01 -5.639256000999999685e+00 1.670846303885994144e-01 9.852505035511330833e-01 3.693469290712832198e-02 -1.024329810000000063e-01 9.848540447970092204e-01 -1.650231902719003219e-01 -5.319640137692727144e-02 -6.057214699999999979e-02
-3.198489158504585345e-02 4.671362225665755263e-02 -9.983961158808438707e-01 -5.705950737000000217e+00 1.639712652546883032e-01 9.856184152411630039e-01 4.086274229998729246e-02 -1.004185080000000035e-01 9.859464442255825301e-01 -1.624012839640155970e-01 -3.918458990176698631e-02 -6.145811100000000277e-02
-1.330375233964467378e-02 4.722602484589447092e-02 -9.987956311232745188e-01 -5.744388103000000356e+00 1.632701276695839865e-01 9.855806184593518537e-01 4.442645527204795719e-02 -9.891517499999999408e-02 9.864917007174683894e-01 -1.624824516510521288e-01 -2.082251956465319687e-02 -6.258869200000000133e-02
7.984004918799435246e-03 4.846488092692836230e-02 -9.987929770388833672e-01 -5.807621478999999809e+00 1.611646475190233740e-01 9.857045048382793162e-01 4.911807744193086300e-02 -9.720075100000000190e-02 9.868952386426462775e-01 -1.613622770608459656e-01 5.904416347168872647e-05 -5.905818899999999705e-02
3.382327146466832662e-02 4.864682401684768814e-02 -9.982431932252285867e-01 -5.842873095999999933e+00 1.620411676590764460e-01 9.853322022490069720e-01 5.350804794425843142e-02 -9.617298800000000092e-02 9.862041605525248000e-01 -1.635663098691042538e-01 2.544437039295199821e-02 -5.832719799999999677e-02
6.306161219056234668e-02 4.776532063163112241e-02 -9.968659424480729170e-01 -5.901303768000000005e+00 1.630140852156340414e-01 9.849464032871140251e-01 5.750644027487637061e-02 -9.280338900000000002e-02 9.846063381317616825e-01 -1.661296385258675123e-01 5.432588806478444443e-02 -5.199289299999999836e-02
9.714988979416450121e-02 4.771901067881281766e-02 -9.941251404792141866e-01 -5.933368683000000310e+00 1.629035185427985255e-01 9.846169074833912571e-01 6.318219008723222063e-02 -9.145417799999999708e-02 9.818474130736192240e-01 -1.680846260598463926e-01 8.788182931052257452e-02 -4.792118100000000019e-02
1.346894138301953370e-01 4.796789977332095029e-02 -9.897261451499674845e-01 -5.985480785000000026e+00 1.616544636930912771e-01 9.843823542673869609e-01 6.970806965549725120e-02 -8.799841999999999387e-02 9.776127025413370308e-01 -1.693825882383819814e-01 1.248316571687219101e-01 -3.876018500000000255e-02
1.758990051578253888e-01 4.767658805746679412e-02 -9.832530106415572346e-01 -6.014933585999999721e+00 1.604655311779675797e-01 9.840784142402475565e-01 7.642308506055242590e-02 -8.640968799999999839e-02 9.712416554536055235e-01 -1.712209612681763193e-01 1.654479650347553399e-01 -3.275632900000000070e-02
2.205217171016895239e-01 4.774567267643253093e-02 -9.742127709218337817e-01 -6.052925586999999830e+00 1.594247015455136363e-01 9.836048119522315947e-01 8.429316960192584363e-02 -8.227881800000000356e-02 9.622650034287052456e-01 -1.739020547466018085e-01 2.092943824646604778e-01 -2.197074900000000122e-02
2.685452149575999758e-01 4.686843941459371832e-02 -9.621261959380467133e-01 -6.091384888000000331e+00 1.598763834764968528e-01 9.827936777530409396e-01 9.249934580918972582e-02 -7.983058699999999452e-02 9.499068425534433757e-01 -1.786615133583405735e-01 2.564313828583680843e-01 -8.329391000000000225e-03
3.186893005694851344e-01 4.175598122930657824e-02 -9.469390517525981821e-01 -6.127677441000000336e+00 1.636534495317770177e-01 9.816020379182593958e-01 9.836151488803976384e-02 -7.625210300000000163e-02 9.336244845540857540e-01 -1.863166046982870083e-01 3.059925565349911336e-01 6.748198999999999864e-03
3.699087630943380112e-01 3.669653130610284197e-02 -9.283430785954709386e-01 -6.171215057000000392e+00 1.650669615444059490e-01 9.807264090559216774e-01 1.045399865447413229e-01 -7.227644299999999578e-02 9.142868287318342002e-01 -1.919090283711980538e-01 3.567219079859101916e-01 2.830409999999999870e-02
4.217829380200882050e-01 3.181559180224984018e-02 -9.061384669648537837e-01 -6.196042538000000377e+00 1.649201533146936183e-01 9.800210897504039176e-01 1.111755668979862444e-01 -6.821912500000000545e-02 8.915719243144664130e-01 -1.963324521384666177e-01 4.081091422787491707e-01 4.282760599999999723e-02
4.723108425129465826e-01 3.115238986250300213e-02 -8.808813749027535334e-01 -6.228371619999999886e+00 1.593977551900577772e-01 9.798794333706614124e-01 1.201193227485156390e-01 -6.288051599999999741e-02 8.668995464787607741e-01 -1.971441722776665906e-01 4.578420597235173251e-01 6.332278299999999360e-02
5.204090206989290257e-01 2.983738620747729275e-02 -8.533956770217948629e-01 -6.261130810000000047e+00 1.551665525182138738e-01 9.794471579040883169e-01 1.288666203996065851e-01 -5.754986399999999919e-02 8.397010135487475990e-01 -1.994818168603589015e-01 5.050833719172471703e-01 8.549284899999999576e-02
5.652193502100095746e-01 2.555014880971305524e-02 -8.245448902539972424e-01 -6.291858673000000124e+00 1.568161611365035957e-01 9.779671271128520527e-01 1.378005438778994174e-01 -5.247753899999999666e-02 8.098986218994231878e-01 -2.071894982436037203e-01 5.487592678606705299e-01 1.106841560000000058e-01
