9.991164155435015015e-01 1.943601703292066607e-03 -4.198345631226826219e-02 -5.363052000000000097e-03 -2.092380186208778019e-03 9.999916856252993869e-01 -3.500089345835536488e-03 -2.653959999999999913e-04 4.197630446646701680e-02 3.584842073429552346e-03 9.991121752689470226e-01 5.003517899999999907e-02
9.983639083013994275e-01 1.587518923609437197e-03 -5.715755754772936653e-02 -6.083714999999999956e-03 -1.838650531415345589e-03 9.999888859537376939e-01 -4.341351543693617275e-03 -3.447090000000000093e-04 5.715003031826088736e-02 4.439341468031809783e-03 9.983557313312485526e-01 6.282090399999999686e-02
9.974042385808578048e-01 1.812703264544532475e-03 -7.198262962558375777e-02 -9.871638999999999761e-03 -2.143516379637418548e-03 9.999874930258489947e-01 -4.518753081098756536e-03 -2.388980000000000021e-04 7.197353818223393984e-02 4.661319421840023555e-03 9.973956496309667186e-01 7.648284700000000658e-02
9.955896696888129060e-01 6.174192577864339284e-06 -9.381476200897080620e-02 -1.028818700000000072e-02 -4.322404946263794278e-04 9.999896856777110710e-01 -4.521250529158670969e-03 -2.784789999999999878e-04 9.381376645820853344e-02 4.541860860039464987e-03 9.955794035248282103e-01 9.096255899999999839e-02
9.933938066750673812e-01 -1.039222461294168898e-03 -1.147504460832063089e-01 -1.291370799999999944e-02 5.015223420353366992e-04 9.999887604832874421e-01 -4.714592499767582441e-03 -5.054569999999999549e-04 1.147540558540713906e-01 4.625897077796591560e-03 9.933831626020578343e-01 1.067810730000000041e-01
9.904532406859462013e-01 -1.179280293554208501e-03 -1.378440688339411524e-01 -1.655941999999999831e-02 4.089332709179633522e-04 9.999841424578493898e-01 -5.616725595897435058e-03 -3.734060000000000092e-04 1.378485066596189246e-01 5.506735042555412768e-03 9.904380167788815470e-01 1.231511980000000034e-01
9.876303407846599436e-01 2.598789186258967238e-03 -1.567786855932327139e-01 -2.593514499999999973e-02 -3.647645058540394461e-03 9.999728497144979578e-01 -6.402696259627651230e-03 -1.528763000000000040e-03 1.567577897493557804e-01 6.895370086625339338e-03 9.876130057994706446e-01 1.399437040000000021e-01
9.831670413072921555e-01 6.693378586275261673e-03 -1.825863290889163937e-01 -3.278644000000000003e-02 -8.404378981975147572e-03 9.999277113674059914e-01 -8.598747203462875355e-03 -1.154150000000000054e-03 1.825155755024557569e-01 9.988529553568832597e-03 9.831522231965733605e-01 1.587879660000000026e-01
9.766347507551043083e-01 9.381155083696543148e-03 -2.147010888347119506e-01 -3.512881000000000337e-02 -1.156305229227817290e-02 9.998934591245283166e-01 -8.908772175295559884e-03 -2.427528999999999885e-03 2.145946398193609994e-01 1.118321641035862311e-02 9.766391740205375704e-01 1.753174660000000051e-01
9.696872342033616698e-01 9.648987140242763078e-03 -2.441588926707405904e-01 -4.275690000000000046e-02 -1.258395438251796658e-02 9.998660685822100547e-01 -1.046369867943150456e-02 -1.205834000000000029e-03 2.440252280300819754e-01 1.321899939945000296e-02 9.696787850312823531e-01 1.937165560000000120e-01
9.621420099627382427e-01 1.153371710364401066e-02 -2.723044730345706155e-01 -5.207149700000000131e-02 -1.466528761950526734e-02 9.998476332601107242e-01 -9.467819347260694740e-03 -2.022671000000000191e-03 2.721537837398173565e-01 1.310281015386730030e-02 9.621645568000165571e-01 2.121953960000000083e-01
9.536371141336971169e-01 1.371300855039542244e-02 -3.006463170292474341e-01 -6.464920899999999915e-02 -1.686873286410726924e-02 9.998264788291946203e-01 -7.903042678190780324e-03 -3.233885000000000145e-03 3.004857740364980656e-01 1.260815722104937850e-02 9.537029589831290677e-01 2.308417710000000012e-01
9.422704874933965913e-01 1.505669766893261846e-02 -3.345140120447320231e-01 -7.506184999999999941e-02 -1.861049096401792835e-02 9.997992687667152101e-01 -7.421037637682959508e-03 -2.596413000000000106e-03 3.343351283144428421e-01 1.321809475106223639e-02 9.423615569122697488e-01 2.501690089999999977e-01
9.287495615139595984e-01 1.797483067679066931e-02 -3.702717346082041727e-01 -8.172302700000000364e-02 -2.163845832029975824e-02 9.997493674849682321e-01 -5.742763701084585906e-03 -4.345014000000000341e-03 3.700757072669703662e-01 1.334569876576531360e-02 9.289057342999369471e-01 2.666595880000000029e-01
9.157611813051846905e-01 2.095641694366705970e-02 -4.011761301516029721e-01 -9.736077499999999663e-02 -2.527505570799189888e-02 9.996655411119863555e-01 -5.475168694896252394e-03 -4.108093000000000161e-03 4.009272133112076753e-01 1.515369599018173176e-02 9.159845714444903031e-01 2.869777079999999980e-01
8.989902444606204801e-01 2.136079787702876986e-02 -4.374474330461782245e-01 -1.075269880000000039e-01 -2.624293976994434424e-02 9.996424916709524267e-01 -5.118296408059202357e-03 -3.887871000000000209e-03 4.371817110502965176e-01 1.608120517705067393e-02 8.992294180926181379e-01 3.051347730000000258e-01
8.802716639824273992e-01 1.607323153711778113e-02 -4.741976895953444737e-01 -1.187578289999999953e-01 -2.147310124068393250e-02 9.997515769226221760e-01 -5.974141263618379383e-03 -3.399435000000000130e-03 4.739838641902441863e-01 1.544136226777067730e-02 8.803981263147938607e-01 3.205995859999999920e-01
8.598509413783171906e-01 1.252521768347314088e-02 -5.103914943774076063e-01 -1.373485329999999949e-01 -1.750767708808262726e-02 9.998344328499468858e-01 -4.958642012138470001e-03 -5.344998999999999584e-03 5.102448822416557617e-01 1.319946247415892948e-02 8.599278657751429078e-01 3.434915539999999767e-01
8.350314279337658352e-01 1.367477051235645343e-02 -5.500322854290740082e-01 -1.541822110000000134e-01 -1.779617388302495024e-02 9.998393034785326705e-01 -2.159494081461195078e-03 -5.377378000000000366e-03 5.499143665681240911e-01 1.159171561923046968e-02 8.351405998818293153e-01 3.617697360000000084e-01
8.058042001861670522e-01 1.947332461079934879e-02 -5.918617917985025123e-01 -1.717642550000000046e-01 -2.242950364313048284e-02 9.997456503434792863e-01 2.356265183819429912e-03 -6.694209999999999917e-03 5.917571362718445638e-01 1.137647783350012425e-02 8.060360211699284516e-01 3.786464330000000045e-01
7.732655290016252625e-01 2.292355367544957750e-02 -6.336678407057797502e-01 -1.919336620000000049e-01 -2.635795715063354860e-02 9.996445719734958768e-01 3.998477056524423444e-03 -6.609025000000000143e-03 6.335342766991237662e-01 1.361030531674321115e-02 7.735949068062062395e-01 3.954561050000000022e-01
7.370820009870246992e-01 2.197381925337860836e-02 -6.754459823615679426e-01 -2.151798900000000125e-01 -2.519218985346990264e-02 9.996699691625668960e-01 5.030539225488083604e-03 -7.234250999999999703e-03 6.753336045180562408e-01 1.330804350504962916e-02 7.373923098234189677e-01 4.146141709999999758e-01
6.970364893144744833e-01 1.767221375483805923e-02 -7.168178467540800014e-01 -2.365749179999999952e-01 -1.913629220938239256e-02 9.997986368720743755e-01 6.040532196683253384e-03 -6.937567999999999860e-03 7.167802556464775154e-01 9.506764420419221151e-03 6.972343125131070796e-01 4.315919879999999820e-01
6.541899258145110752e-01 1.437775199732303083e-02 -7.561936400223874255e-01 -2.606325449999999933e-01 -1.430209328294396176e-02 9.998756852362599146e-01 6.638087152611376641e-03 -6.620359000000000139e-03 7.561950747595032052e-01 6.472582237652033631e-03 6.543142322987069992e-01 4.478995199999999954e-01
6.099871668727865348e-01 1.362008638808547174e-02 -7.922942316445906741e-01 -2.897195519999999913e-01 -1.108915390758877066e-02 9.999010866072114423e-01 8.651454636740552040e-03 -7.224030999999999682e-03 7.923336966935869974e-01 3.508596371607852239e-03 6.100778662067458669e-01 4.636418820000000052e-01
5.622493846142416762e-01 1.429706274564526702e-02 -8.268441349479075386e-01 -3.178621529999999806e-01 -8.561388450763780106e-03 9.998975925153011923e-01 1.146765494336229353e-02 -7.069085000000000125e-03 8.269234137020801123e-01 6.312518926508692285e-04 5.623142087768602249e-01 4.771742820000000052e-01
5.111939846335489257e-01 1.458971395666356502e-02 -8.593415213529121965e-01 -3.500339690000000004e-01 -6.848182387120863544e-03 9.998933119513967460e-01 1.290221348681800523e-02 -6.547047999999999757e-03 8.594380794870958296e-01 -7.106064518685511686e-04 5.112393593670218062e-01 4.911401269999999819e-01
4.583830193117938712e-01 1.604497959912515315e-02 -8.886099066723638362e-01 -3.821261819999999809e-01 -5.283747557995439881e-03 9.998685537839361315e-01 1.532831255433760032e-02 -6.379529000000000102e-03 8.887390447247982550e-01 -2.331047765221486157e-03 4.584075442201723805e-01 5.027760270000000142e-01
4.042328336780235953e-01 1.826594956164571959e-02 -9.144737127240163410e-01 -4.171339569999999997e-01 -3.477168309667945899e-03 9.998240382031609030e-01 1.843371725047583676e-02 -6.510568000000000431e-03 9.146495096358941979e-01 -4.271734745470976737e-03 4.042252179232299625e-01 5.125184059999999819e-01
3.480057652517061229e-01 1.955296301243846652e-02 -9.372884662626593810e-01 -4.560610649999999877e-01 -3.463951179403849251e-03 9.998024699695778894e-01 1.957095002696458697e-02 -5.029121000000000112e-03 9.374859937053997561e-01 -3.564081952684544294e-03 3.480047541715965975e-01 5.233921999999999741e-01
2.932826881457670232e-01 2.327624198792717716e-02 -9.557423718727302564e-01 -4.983680249999999923e-01 -1.520978355084509626e-04 9.997046942093175126e-01 2.430023131789790791e-02 -5.349801000000000382e-03 9.560257536804337430e-01 -6.981470817411497901e-03 2.931996203356758146e-01 5.312671660000000129e-01
2.391892406087139100e-01 2.450489293624088377e-02 -9.706636994341605318e-01 -5.388535260000000271e-01 2.761677074105215596e-03 9.996602716621622031e-01 2.591745357997997379e-02 -3.960309999999999872e-03 9.709690418941095968e-01 -8.879835725700483198e-03 2.390403066445477842e-01 5.380802150000000283e-01
1.892372800623708107e-01 2.519938144560933402e-02 -9.816079884604418382e-01 -5.851806999999999981e-01 5.876209129427359748e-03 9.996236861710812160e-01 2.679470492479760213e-02 -4.167368999999999761e-03 9.819138057899294836e-01 -1.083869090335258696e-02 1.890179906216297168e-01 5.417465569999999619e-01
1.408565482243381572e-01 2.632967559499241328e-02 -9.896798376269911879e-01 -6.312761310000000181e-01 4.158278818893934928e-03 9.996217434952920922e-01 2.718600096919036174e-02 -3.873110999999999828e-03 9.900212833770744014e-01 -7.944690962834378978e-03 1.406937821864066018e-01 5.445629950000000497e-01
9.756898150286213989e-02 2.715700913316955456e-02 -9.948581761755970199e-01 -6.789738539999999878e-01 3.251580745619611634e-03 9.996136012688325856e-01 2.760571283285623290e-02 -3.545730999999999883e-03 9.952234528341608044e-01 -5.928322975037094225e-03 9.744297776420207668e-02 5.463101270000000342e-01
5.979210379410553750e-02 2.543277604908492084e-02 -9.978868063193901961e-01 -7.307647470000000478e-01 2.622890710011524518e-03 9.996679199882808620e-01 2.563533090535964620e-02 -2.124965999999999834e-03 9.982074056869134626e-01 -4.150138400227704541e-03 5.970554063954791602e-02 5.462104679999999490e-01
2.571052459277423444e-02 2.237981534714553189e-02 -9.994188875492557855e-01 -7.838388680000000219e-01 2.387326489483211286e-03 9.997451494689236773e-01 2.244853637972901023e-02 -6.695930000000000111e-04 9.996665792139882711e-01 -2.963102830998992285e-03 2.565054432591951095e-02 5.439594979999999858e-01
-5.236700167383348016e-03 1.917440462961299275e-02 -9.998024400742664408e-01 -8.378033639999999949e-01 3.105723861151540172e-03 9.998116390003298770e-01 1.915831409003415295e-02 1.864029999999999973e-04 9.999814655535648189e-01 -3.004783947974119795e-03 -5.295264183286407800e-03 5.409594770000000219e-01
-3.222248932102149410e-02 1.778658301864597877e-02 -9.993224447827024903e-01 -8.932218549999999535e-01 2.198910582352850938e-03 9.998404836157701592e-01 1.772490099362160343e-02 5.490379999999999566e-04 9.994783019026514115e-01 -1.626280266032271646e-03 -3.225646041165775024e-02 5.370031600000000349e-01
-5.291051359855925701e-02 1.502371997804138881e-02 -9.984862369551009698e-01 -9.508486990000000194e-01 2.101567585411630128e-03 9.998862816923854702e-01 1.493342214830718426e-02 2.213231999999999873e-03 9.985970463427281674e-01 -1.308251274413443216e-03 -5.293607006741596344e-02 5.317711229999999567e-01
-6.942107484255424787e-02 1.446570071687574080e-02 -9.974825601836229128e-01 -1.011210321999999939e+00 2.508979192824449707e-03 9.998942289257588545e-01 1.432605962475895153e-02 2.829560000000000061e-03 9.975842918726792741e-01 -1.508132531296688637e-03 -6.945002624300145033e-02 5.262899399999999561e-01
-8.294347753274033952e-02 1.527700500419112810e-02 -9.964371493741479568e-01 -1.073248148000000013e+00 2.920365289408729040e-03 9.998819240865509661e-01 1.508672766219433525e-02 2.761655999999999920e-03 9.965499741615331253e-01 -1.658614807217855154e-03 -8.297829834100634017e-02 5.208930969999999716e-01
-9.191598807053812104e-02 1.603115056217013432e-02 -9.956377118955820338e-01 -1.136633038999999901e+00 2.304978132323040607e-03 9.998711444437594631e-01 1.588652210322528957e-02 4.027415000000000335e-03 9.957640976721476855e-01 -8.346977775130701160e-04 -9.194109563624963677e-02 5.126724240000000155e-01
-9.871040333291945801e-02 1.697385048690297493e-02 -9.949714290739710698e-01 -1.203229426999999907e+00 1.151777333621626515e-03 9.998557952244394587e-01 1.694290899100613090e-02 4.617750000000000327e-03 9.951155358463787959e-01 5.264558405266503427e-04 -9.871571891761643514e-02 5.053583379999999625e-01
-1.032322756445288592e-01 1.833657308984787057e-02 -9.944882439489027837e-01 -1.268397688999999939e+00 6.866846893546947606e-04 9.998311352985205236e-01 1.836380548276535934e-02 4.626988000000000281e-03 9.946570392499060054e-01 1.212837578616399181e-03 -1.032274348011151810e-01 4.978933329999999935e-01
-1.047733023078385867e-01 1.954063149055833282e-02 -9.943041380002700658e-01 -1.337976932999999979e+00 2.967543654717222715e-03 9.998086359848338267e-01 1.933610857446194792e-02 4.963475000000000179e-03 9.944917037402410953e-01 -9.247329864524866938e-04 -1.048112401450157494e-01 4.905755520000000258e-01
-1.034504594835320146e-01 2.120530794181528511e-02 -9.944085364415063966e-01 -1.407486916000000088e+00 5.041667715724994572e-03 9.997710451300813039e-01 2.079516545135292466e-02 6.344706000000000304e-03 9.946218296514962587e-01 -2.862207993439952122e-03 -1.035336841134901764e-01 4.830152990000000091e-01
-1.019226498782178775e-01 2.370058830477200090e-02 -9.945099574945495124e-01 -1.481463194000000039e+00 4.777601454288304267e-03 9.997162852353380647e-01 2.333502859651645847e-02 6.917244000000000344e-03 9.947808542418510314e-01 -2.373004269689216877e-03 -1.020069648827462983e-01 4.755738970000000232e-01
-1.001791550860993557e-01 2.366850593676738529e-02 -9.946878599404720411e-01 -1.554189920000000003e+00 2.058845819971889118e-03 9.997198122357441319e-01 2.358088584464283072e-02 7.553665000000000206e-03 9.949672849094710614e-01 3.144042774828586378e-04 -1.001998159171236802e-01 4.669539930000000116e-01
-9.816537758767798771e-02 2.091877208493240700e-02 -9.949502317289681264e-01 -1.631683350000000088e+00 2.551855316012541230e-04 9.997795453854846359e-01 2.099513060540910553e-02 8.714968000000000020e-03 9.951700827111983338e-01 1.807098019582049561e-03 -9.814907474517808872e-02 4.585802560000000194e-01
-9.724781585920898308e-02 2.082018023585935351e-02 -9.950424023153782160e-01 -1.707913876000000108e+00 -8.576618646098134457e-05 9.997809877717557248e-01 2.092771211321826919e-02 9.936624999999999278e-03 9.952601945997708865e-01 2.120515286154362258e-03 -9.722473173090551146e-02 4.508100749999999768e-01
-9.517697474536131186e-02 2.381322593533963597e-02 -9.951754989693391007e-01 -1.789650678999999966e+00 4.789819592417032812e-05 9.997139406599716560e-01 2.391724390211713569e-02 1.090148300000000001e-02 9.954603664556833653e-01 2.228703807821886054e-03 -9.515088909334123990e-02 4.425171609999999922e-01
-9.364822626103919134e-02 2.699219637406030659e-02 -9.952393837931984288e-01 -1.869175076000000102e+00 -2.406215195270757640e-04 9.996317772172962357e-01 2.713396540637248028e-02 1.276313500000000010e-02 9.956053193004975599e-01 2.780523744556687160e-03 -9.360724794726316134e-02 4.349864720000000129e-01
-9.204131518686115010e-02 2.929522868607235125e-02 -9.953241612032249774e-01 -1.955621838999999973e+00 -8.877485845023933703e-04 9.995643234383323472e-01 2.950212215620318101e-02 1.327283500000000019e-02 9.957547932102176480e-01 3.599011739289574921e-03 -9.197520814533044486e-02 4.270682330000000193e-01
-9.003348013709321085e-02 2.839469089433035304e-02 -9.955338838951788283e-01 -2.036913633000000168e+00 -3.181709643206730512e-03 9.995801922899619774e-01 2.879784549769381918e-02 1.466139399999999947e-02 9.959336570164452063e-01 5.760270009136030100e-03 -8.990533972613568015e-02 4.185221199999999975e-01
-8.879912430940342660e-02 2.544485091215290679e-02 -9.957244975815052745e-01 -2.124978065000000083e+00 -5.239895326839815251e-03 9.996478871323084547e-01 2.601240567259057584e-02 1.638485699999999920e-02 9.960357719574365332e-01 7.527370986604255132e-03 -8.863452863970755491e-02 4.107654090000000258e-01
-8.757818518277492303e-02 2.476861482942482179e-02 -9.958496760051303021e-01 -2.215986967000000085e+00 -5.776820078789596594e-03 9.996614015779401452e-01 2.537145137759186375e-02 1.793504500000000015e-02 9.961408985830613183e-01 7.974830070905067000e-03 -8.740544751599477191e-02 4.034147260000000013e-01
-8.554690660019492743e-02 2.691012307648082275e-02 -9.959706682664638544e-01 -2.297409533999999809e+00 -3.419907979139720500e-03 9.996213669774250965e-01 2.730250742328097641e-02 1.980719200000000124e-02 9.963282747169991405e-01 5.741773087884137830e-03 -8.542248557174803025e-02 3.953258989999999806e-01
-8.425698807742272589e-02 2.952769404231518624e-02 -9.960064634552651119e-01 -2.389327288000000049e+00 -2.072408926736667850e-04 9.995603033230936463e-01 2.965058299354866519e-02 2.069886599999999979e-02 9.964440360659164719e-01 2.704682086371274635e-03 -8.421382121408704791e-02 3.874471190000000065e-01
-8.320186042968485962e-02 3.074797974178591214e-02 -9.960582373349651242e-01 -2.475674628999999793e+00 4.502574201891845762e-04 9.995249301834495670e-01 3.081738486676047217e-02 2.273312400000000039e-02 9.965326124564586330e-01 2.115581142191463523e-03 -8.317617824314837982e-02 3.805198670000000116e-01
-8.281214266742750740e-02 2.607114169822522670e-02 -9.962240935639834483e-01 -2.569839478000000010e+00 -2.798446741462453508e-04 9.996570946935813273e-01 2.618424556381929169e-02 2.357784699999999900e-02 9.965651362122738277e-01 2.447161486110007930e-03 -8.277645007411782441e-02 3.724684719999999949e-01
-8.277419964758786497e-02 1.904550909738363801e-02 -9.963863208896049928e-01 -2.672785521000000220e+00 2.474514453768323838e-03 9.998182121546583812e-01 1.890553945489322971e-02 2.471540499999999932e-02 9.965652555908818266e-01 -9.006814552936920348e-04 -8.280628069172490946e-02 3.630998129999999935e-01
-8.248052254392435056e-02 1.422721476111669762e-02 -9.964911187567212503e-01 -2.761474133000000108e+00 5.097675604090882648e-03 9.998910367929209064e-01 1.385381696909436175e-02 2.656820000000000015e-02 9.965796391178761704e-01 -3.937118402940577473e-03 -8.254406092726829236e-02 3.558404450000000052e-01
-8.310452241124328954e-02 1.551008781008255885e-02 -9.964201300309636355e-01 -2.841091394000000214e+00 5.997678901165557318e-03 9.998685501613894244e-01 1.506354028638432971e-02 2.631714200000000170e-02 9.965227875982554107e-01 -4.724359669260859429e-03 -8.318662286159828056e-02 3.503837590000000168e-01
-8.310969495316559985e-02 2.325771667201083359e-02 -9.962689683112672112e-01 -2.940461873999999920e+00 5.199996632393972390e-03 9.997241318851359804e-01 2.290458822014748361e-02 2.642514199999999869e-02 9.965268378923949344e-01 -3.277001940172885597e-03 -8.320770768666352346e-02 3.411135670000000064e-01
-8.361147717286791792e-02 3.012427792494858092e-02 -9.960429954396903263e-01 -3.029958725000000186e+00 4.084327664318898946e-03 9.995449291354457921e-01 2.988733690289775702e-02 2.752387300000000078e-02 9.964900597359218626e-01 -1.569241573910938603e-03 -8.369646544736064619e-02 3.341128830000000272e-01
-8.376689511091753304e-02 3.535277727217361887e-02 -9.958580664043552577e-01 -3.127787590000000062e+00 1.853597397804263719e-03 9.993742755663804767e-01 3.532168615538017198e-02 2.867549700000000118e-02 9.964836533833176802e-01 1.112868058848963393e-03 -8.378000993387502149e-02 3.249588010000000193e-01
-8.393753301474593531e-02 3.560699951776166716e-02 -9.958346409604059701e-01 -3.225907563999999894e+00 4.361497087020695107e-04 9.993625858932935202e-01 3.569638203097152268e-02 2.992142399999999855e-02 9.964709229700734472e-01 2.561933256661340363e-03 -8.389956002958764980e-02 3.154182429999999870e-01
-8.417831787678718702e-02 3.248084414779058016e-02 -9.959211844131447000e-01 -3.311961173999999897e+00 1.197739395957519992e-04 9.994689142315615893e-01 3.258642568596397532e-02 3.082104399999999883e-02 9.964506994596559197e-01 2.623785096077356147e-03 -8.413750232881667124e-02 3.076715469999999897e-01
-8.411665127230602557e-02 2.951831612226491972e-02 -9.960186032359233943e-01 -3.409435272000000072e+00 3.415575180167051972e-06 9.995611421739155622e-01 2.962301544932765748e-02 3.270400700000000022e-02 9.964559142114955970e-01 2.488386883765025120e-03 -8.407983684361908239e-02 2.981266980000000233e-01
-8.483340018423954354e-02 3.095061470575474760e-02 -9.959143304835594845e-01 -3.501447439000000106e+00 -1.348120725383199214e-03 9.995129610911211993e-01 3.117728630539572457e-02 3.399489099999999930e-02 9.963942376307132198e-01 3.987487955435266990e-03 -8.475035785242912567e-02 2.901089190000000206e-01
-8.479458117415540619e-02 3.347222547438433171e-02 -9.958360754287283179e-01 -3.601176262000000072e+00 -1.969407128623781172e-03 9.994280063368424782e-01 3.376065143219490750e-02 3.504129100000000219e-02 9.963965076409400101e-01 4.823926964249672378e-03 -8.468015877159351668e-02 2.805292609999999742e-01
-8.403055298209599622e-02 3.178121812448798933e-02 -9.959562341488941151e-01 -3.699877501000000013e+00 -3.051127445279492797e-03 9.994783646007733280e-01 3.215103911658662161e-02 3.619420899999999802e-02 9.964585073081746458e-01 5.740458996224681240e-03 -8.388975112417995650e-02 2.704904080000000155e-01
-8.412789621947161511e-02 2.625711048531308156e-02 -9.961089605192032792e-01 -3.780682564000000134e+00 -4.190689273235483764e-03 9.996346011293593126e-01 2.670397626500365523e-02 3.843504899999999891e-02 9.964461526851817741e-01 6.420932479691039349e-03 -8.398712058994672880e-02 2.648921009999999909e-01
-8.353506692569077907e-02 2.227019077210239117e-02 -9.962559566681119527e-01 -3.877040862999999948e+00 -5.466511053243566093e-03 9.997249617523563670e-01 2.280609800369760853e-02 3.934185199999999660e-02 9.964898443288949803e-01 7.351153122038716833e-03 -8.339035134325323284e-02 2.542886730000000206e-01
-8.300382743175001299e-02 2.288268803080058256e-02 -9.962864784890768100e-01 -3.972767830000000000e+00 -5.084175863816119134e-03 9.997136058930519154e-01 2.338498125073744383e-02 4.094314899999999813e-02 9.965362591433721828e-01 7.006338615611435935e-03 -8.286371601453401681e-02 2.457051279999999949e-01
-8.284310598425598249e-02 2.568798520184307002e-02 -9.962314727045873397e-01 -4.059557437999999685e+00 -4.557367437373296970e-03 9.996475099416093357e-01 2.615504290917877034e-02 4.006547500000000317e-02 9.965521813698074993e-01 6.706957865538194438e-03 -8.269683502569968869e-02 2.401862140000000090e-01
-8.231309221658084097e-02 3.017836734826075812e-02 -9.961494973114921603e-01 -4.156873702999999587e+00 -4.025744337048733912e-03 9.995231982175326602e-01 3.061322602287801925e-02 4.184889399999999759e-02 9.965983886362037580e-01 6.530112494323865938e-03 -8.215235479603788527e-02 2.311830520000000000e-01
-8.206265992227798622e-02 3.583560605969292323e-02 -9.959826952235740771e-01 -4.252543449000000031e+00 -3.490746821438499986e-03 9.993368771368050796e-01 3.624390543369589157e-02 4.331639400000000112e-02 9.966210586442115771e-01 6.450994713420032944e-03 -8.188314926832174212e-02 2.236332890000000129e-01
-8.207760035943290067e-02 3.918279793695765567e-02 -9.958553990741170203e-01 -4.345538615999999799e+00 -3.439865341746360661e-03 9.992097591735547013e-01 3.959828908876431713e-02 4.460991200000000156e-02 9.966200052405469467e-01 6.675741019410937060e-03 -8.187795574007628030e-02 2.143402100000000032e-01
-8.185046323771853760e-02 3.921258218808811036e-02 -9.958729211430110695e-01 -4.430928230000000134e+00 -3.240994578858270858e-03 9.992099458088610220e-01 3.961035408568037985e-02 4.644449099999999747e-02 9.966393518329041967e-01 6.469744569579230498e-03 -8.165870916989625972e-02 2.093749050000000000e-01
-8.191339421020306377e-02 3.436778652756367070e-02 -9.960467113033202313e-01 -4.528722285999999819e+00 -2.870038845985245501e-03 9.993929831879472259e-01 3.471927464274025127e-02 4.946867700000000256e-02 9.966353188232828231e-01 5.702666384359469931e-03 -8.176503452040051467e-02 2.015171050000000019e-01
-8.152732884087390830e-02 3.042671953217215147e-02 -9.962065596002582790e-01 -4.622397900000000170e+00 -3.664487019606817164e-03 9.995179944324877885e-01 3.082775276500915318e-02 5.065331599999999684e-02 9.966643698793267170e-01 6.163890343600368638e-03 -8.137653389569332596e-02 1.931004520000000058e-01
-8.079562438154094806e-02 2.776252844049527380e-02 -9.963439712746735566e-01 -4.720613003000000418e+00 -8.608029699427142620e-03 9.995552992591709707e-01 2.855005337303196875e-02 5.181947399999999732e-02 9.966935180412737072e-01 1.088327788397800908e-02 -8.052071383817571704e-02 1.812915800000000077e-01
-8.177466238257427578e-02 2.589818378233828267e-02 -9.963143021501759122e-01 -4.800536633000000108e+00 -1.155732787388558287e-02 9.995704712166170181e-01 2.693141741917268878e-02 5.190352000000000160e-02 9.965838312779469188e-01 1.371703862232812043e-02 -8.144022401001893563e-02 1.760497089999999987e-01
-8.251020653502476321e-02 2.372148529338836270e-02 -9.963078625369885533e-01 -4.893938540999999809e+00 -9.382735758138409377e-03 9.996538784662639676e-01 2.457819230637112856e-02 5.320168299999999961e-02 9.965460501588676578e-01 1.137604513139648527e-02 -8.225907554749156692e-02 1.683416369999999884e-01
-8.421793211270066359e-02 2.032346438921801834e-02 -9.962400798531854118e-01 -4.987830639000000232e+00 -5.335297832830661335e-03 9.997684528909343005e-01 2.084646735306958792e-02 5.333719800000000233e-02 9.964330757796511229e-01 7.070883911350184584e-03 -8.408999995847710185e-02 1.620526310000000025e-01
-8.462525537159516775e-02 1.874863107550074279e-02 -9.962364453211332016e-01 -5.084269523999999763e+00 -1.636265016325740701e-03 9.998189980676923660e-01 1.895504523107768152e-02 5.436116099999999812e-02 9.964115057495517291e-01 3.234182386727763037e-03 -8.457926030771800718e-02 1.524348259999999955e-01
-8.632455547005711549e-02 2.252148358117189025e-02 -9.960124767793823164e-01 -5.163560389999999778e+00 -1.339099367565266263e-03 9.997409286143930096e-01 2.272184997122554673e-02 5.397914399999999974e-02 9.962661682180020684e-01 3.295213275965762356e-03 -8.627203274343941963e-02 1.457133290000000025e-01
-8.804531977956578381e-02 2.857514491055819505e-02 -9.957065244128185943e-01 -5.260263443000000372e+00 1.445141433448364487e-03 9.995910685461094625e-01 2.855883837071304665e-02 5.458557599999999677e-02 9.961154216410624818e-01 1.075535302898531637e-03 -8.805061040481709789e-02 1.359486580000000000e-01
-8.993935693975299572e-02 3.284452735656817612e-02 -9.954055199244111751e-01 -5.352993964999999577e+00 3.578091748439916203e-03 9.994602777483835299e-01 3.265502201138309468e-02 5.515326899999999782e-02 9.959408161797083103e-01 -6.246805966358022488e-04 -9.000833539983243980e-02 1.280822749999999954e-01
-9.096272039999316050e-02 3.213073310614708578e-02 -9.953358224677210098e-01 -5.445800303999999592e+00 3.591752492822754966e-03 9.994834501464482379e-01 3.193637733655152466e-02 5.621984599999999693e-02 9.958478211109683675e-01 -6.699801592908137537e-04 -9.103113926082206930e-02 1.186537740000000035e-01
-9.279343470557360751e-02 2.755823127246109783e-02 -9.953039346675347510e-01 -5.522440910000000258e+00 -3.435347243178378529e-05 9.996168112612676682e-01 2.768085012592866323e-02 5.736096599999999934e-02 9.956853806777428151e-01 2.602793305035971255e-03 -9.275693058542788805e-02 1.123142240000000042e-01
-9.383617710448755034e-02 2.376011659951250687e-02 -9.953040885707202801e-01 -5.615322113000000392e+00 -4.798270206847334712e-03 9.996927765422510825e-01 2.431725996626353525e-02 5.821458300000000030e-02 9.955760887392970382e-01 7.057576667832408598e-03 -9.369334097010495466e-02 1.015934940000000064e-01
-9.469409023683585114e-02 2.208947281638405646e-02 -9.952613146630949759e-01 -5.707574843999999814e+00 -9.131342703165396327e-03 9.996924580984202224e-01 2.305662164272316572e-02 5.872393000000000057e-02 9.954645387228292508e-01 1.127139795378426235e-02 -9.446326128983739689e-02 8.951425600000000038e-02
-9.559752286687540901e-02 2.332003775446708782e-02 -9.951468682867105064e-01 -5.799349785000000423e+00 -1.068494783366108480e-02 9.996439059063433330e-01 2.445185625063742152e-02 5.952775899999999953e-02 9.953627205755243290e-01 1.297062926153255864e-02 -9.531430776672877858e-02 7.886076000000000197e-02
-9.746063273293231743e-02 2.512216591888118827e-02 -9.949222591975924734e-01 -5.871792793000000010e+00 -1.038498351805403237e-02 9.996012656480116609e-01 2.625760522635496932e-02 5.954422399999999976e-02 9.951851974304214421e-01 1.289133408292416835e-02 -9.716087855168975551e-02 7.536602000000000579e-02
-9.836977080106024118e-02 2.489265841437517113e-02 -9.948385516000135542e-01 -5.961647987000000093e+00 -1.248011519883065329e-02 9.995776269558357408e-01 2.624527412628949521e-02 6.002599699999999761e-02 9.950716732563396061e-01 1.499744132862008625e-02 -9.801755881689666605e-02 6.644773499999999389e-02
-9.937960513576106492e-02 2.437853424124617266e-02 -9.947509141243897623e-01 -6.050886631000000015e+00 -1.241240282130866637e-02 9.995916806075048067e-01 2.573721656406648822e-02 6.119766799999999674e-02 9.949721736507319836e-01 1.490500347240743956e-02 -9.903643032857023520e-02 5.653333700000000295e-02
-1.003202012764010248e-01 2.645167408848429769e-02 -9.946035220899726026e-01 -6.137211800000000217e+00 -1.075204899091409920e-02 9.995593412036162251e-01 2.766797526183603986e-02 6.219337900000000002e-02 9.948971055633638594e-01 1.346968264322498041e-02 -9.999158460156254424e-02 4.862213099999999899e-02
-1.007300974660489956e-01 2.813538643010263934e-02 -9.945158859942403451e-01 -6.211477280000000434e+00 -9.552249331217191330e-03 9.995266405055591719e-01 2.924464826912592796e-02 6.602098000000000688e-02 9.948679319372969454e-01 1.244567997738273840e-02 -1.004136596918270286e-01 4.299593000000000165e-02
-1.011696070289248850e-01 3.203364530450761999e-02 -9.943533356820993818e-01 -6.300422192000000088e+00 -1.033718098124274294e-02 9.993936804208782831e-01 3.324777021354262396e-02 6.799735899999999333e-02 9.948154870642967884e-01 1.364247423734037817e-02 -1.007771283263695361e-01 3.498745000000000327e-02
-1.020745894675996329e-01 3.423247263990038258e-02 -9.941875658053559439e-01 -6.388689041000000124e+00 -1.018113768791893171e-02 9.993194302924152117e-01 3.545448738061804383e-02 6.991741099999999876e-02 9.947246466336300275e-01 1.374096273924207967e-02 -1.016565950767490678e-01 2.696847900000000006e-02
-1.036518082185124839e-01 3.323486643881899683e-02 -9.940582207827801664e-01 -6.479084968999999639e+00 -1.019340262708871847e-02 9.993535828038612179e-01 3.447478904892760376e-02 7.344940299999999644e-02 9.945614094644505965e-01 1.370620990207945325e-02 -1.032460295324008070e-01 2.133512499999999992e-02
-1.026676634150788664e-01 3.247145381791899377e-02 -9.941855740131412267e-01 -6.542792796999999716e+00 -8.030785798587708468e-03 9.994074126861176577e-01 3.347133023196666168e-02 6.931220000000000436e-02 9.946832950081877511e-01 1.142051465525600537e-02 -1.023460525700127244e-01 8.282661000000000190e-03
-1.031510320682905713e-01 2.928991751883984473e-02 -9.942343613630469923e-01 -6.627073288000000062e+00 -8.214744312472604601e-03 9.995071674918578619e-01 3.029752643837161155e-02 6.961437299999999329e-02 9.946317823994602625e-01 1.129260218650627798e-02 -1.028595867030882571e-01 -5.497930000000000265e-04
-1.032468838308112230e-01 2.620778535450972446e-02 -9.943104308846600903e-01 -6.712897778000000315e+00 -8.651744370064655409e-03 9.995913354679965002e-01 2.724535513921948204e-02 7.097047600000000456e-02 9.946181318971526464e-01 1.141551768949111527e-02 -1.029779474319569843e-01 -8.640765999999999378e-03
-1.015673858174754030e-01 2.423174118716307085e-02 -9.945335031346320687e-01 -6.795805453999999912e+00 -9.710888025452191555e-03 9.996315288729059612e-01 2.534768504171264897e-02 7.014905700000000077e-02 9.947812647974236810e-01 1.223230159271258659e-02 -1.012946494430169153e-01 -1.889085799999999996e-02
-9.916685377463015094e-02 2.316948387896499567e-02 -9.948010404745379898e-01 -6.875070572000000269e+00 -1.197201299695137104e-02 9.996287450278394937e-01 2.447535533689701448e-02 7.165361200000000541e-02 9.949987969928615339e-01 1.433691496971809670e-02 -9.885265222496120163e-02 -2.795314800000000058e-02
-9.456669158514770246e-02 2.397493541858462113e-02 -9.952297942255918795e-01 -6.954013348000000150e+00 -1.207844955096130241e-02 9.996087500323599384e-01 2.522811755141163986e-02 7.314885399999999926e-02 9.954452530898343365e-01 1.440657247292560783e-02 -9.424011232218421075e-02 -3.748750700000000324e-02
-8.898899914631330788e-02 2.613095217765446648e-02 -9.956897766720447240e-01 -7.024927138999999876e+00 -1.081292438164588310e-02 9.995715496986151694e-01 2.719922240479730885e-02 7.145341500000000623e-02 9.959739146670729681e-01 1.318674984209359212e-02 -8.866831977289180156e-02 -4.480791099999999888e-02
-8.366292448779442947e-02 2.737860504604976153e-02 -9.961179282855430195e-01 -7.068921566000000212e+00 -1.040716546788863182e-02 9.995439692923444586e-01 2.834685799570680828e-02 7.163456799999999569e-02 9.964397653511594122e-01 1.273834514515911551e-02 -8.333983795214150447e-02 -3.943586300000000155e-02
-7.495083790616707820e-02 2.899091610078170789e-02 -9.967657190537806411e-01 -7.140403747999999773e+00 -1.177071207279898647e-02 9.994819398223317997e-01 2.995500469517380082e-02 7.120796999999999544e-02 9.971177574561904677e-01 1.397779498440495510e-02 -7.457076513561611275e-02 -4.512405399999999678e-02
-6.276935330345784214e-02 3.053383605677072871e-02 -9.975608718978126177e-01 -7.212940215999999793e+00 -1.304372453345002854e-02 9.994214210541902954e-01 3.141153272793606455e-02 7.191795099999999386e-02 9.979428187707757303e-01 1.498359081398624101e-02 -6.233476133072035630e-02 -5.128526700000000244e-02
-4.862114995748848673e-02 3.157397037751961955e-02 -9.983181197250757810e-01 -7.280127525000000155e+00 -1.602244110531958476e-02 9.993469733756586981e-01 3.238685205352942464e-02 7.301294799999999419e-02 9.986887729206922470e-01 1.757017926801406754e-02 -4.808350697122520945e-02 -5.336093900000000306e-02
-3.028169201724301846e-02 3.409624466590306657e-02 -9.989596914932330485e-01 -7.347056388999999577e+00 -1.675805269748232781e-02 9.992602286349084872e-01 3.461449318275140741e-02 7.075194999999999401e-02 9.994009139471311531e-01 1.778880457459732986e-02 -2.968790382370467551e-02 -5.447721500000000244e-02
-8.407988147660180878e-03 3.426050885158331977e-02 -9.993775679234244702e-01 -7.391544818999999933e+00 -1.883273826614359492e-02 9.992302093983577160e-01 3.441390118997234016e-02 7.428379400000000021e-02 9.997872942304815158e-01 1.911036783907704706e-02 -7.756296561338582585e-03 -5.044412599999999886e-02
1.710086397986348983e-02 3.517798561231521431e-02 -9.992347420798586288e-01 -7.452572346000000181e+00 -1.855413687075813806e-02 9.992199603958537013e-01 3.485993045733096207e-02 7.440944800000000303e-02 9.996816015392715471e-01 1.794380324146809327e-02 1.774022178858258858e-02 -4.787635800000000080e-02
4.629484597154735759e-02 3.408101279566126685e-02 -9.983462684876889259e-01 -7.512153149000000418e+00 -1.705962897962595010e-02 9.992990457886247180e-01 3.332245706759099507e-02 7.563033700000000581e-02 9.987821365520852535e-01 1.548875891625637984e-02 4.684380483784245097e-02 -4.238843899999999998e-02
8.084979238725741035e-02 3.450424465213381559e-02 -9.961288913448517190e-01 -7.569653511000000279e+00 -1.569159364210385987e-02 9.993208379697353649e-01 3.334121606116135367e-02 7.514420199999999328e-02 9.966027719005746688e-01 1.293521938165924368e-02 8.133630886412224203e-02 -3.618001900000000076e-02
1.183419815448392420e-01 3.440310748488987352e-02 -9.923767437820296688e-01 -7.623312949999999866e+00 -1.519995208917964032e-02 9.993452937203819442e-01 3.283207845096118571e-02 7.665026199999999679e-02 9.928565540200293693e-01 1.119866573778059010e-02 1.187874278918685800e-01 -2.645063400000000065e-02
1.596248536106589233e-01 3.477744576112554165e-02 -9.865649676408072555e-01 -7.671433449000000238e+00 -1.448759319062071192e-02 9.993541607804240501e-01 3.288420554609079033e-02 7.531110200000000476e-02 9.870714339668220649e-01 9.043815410900353860e-03 1.600256031061741968e-01 -1.908349999999999977e-02
2.050695878480297829e-01 3.560661669183548539e-02 -9.780995005558486000e-01 -7.723643779999999737e+00 -1.357241631072109503e-02 9.993454011814548732e-01 3.353443980396177138e-02 7.621677999999999786e-02 9.786532857224401472e-01 6.398279865539343095e-03 2.054186173632628343e-01 -5.361079999999999839e-03
2.526030526601042991e-01 3.438309929759837680e-02 -9.669588927506110876e-01 -7.746088505000000346e+00 -1.006468879556323207e-02 9.994077182635989764e-01 3.290766954062970817e-02 7.668146500000000421e-02 9.675176483280524264e-01 1.419562551744312645e-03 2.527994956797118276e-01 8.736610000000000556e-03
3.031143530121012675e-01 2.955864372782543437e-02 -9.524956564620267185e-01 -7.793719291999999577e+00 -2.170567523233466953e-03 9.995376513202643975e-01 3.032774686316983340e-02 7.642574600000000273e-02 9.529517184174037814e-01 -7.125319230807097143e-03 3.030383675232836138e-01 2.797031399999999959e-02
3.550959460502980392e-01 2.448745321096065797e-02 -9.345090870258484506e-01 -7.840031623999999866e+00 3.302666589498503072e-03 9.996177635365464109e-01 2.744848293789090010e-02 7.608516499999999627e-02 9.348240270190119050e-01 -1.283321695577885509e-02 3.548793415381112926e-01 4.907941799999999966e-02
4.070119030151749251e-01 1.989353947047018539e-02 -9.132061968095169791e-01 -7.884199141999999938e+00 8.076964788310877358e-03 9.996453370592788268e-01 2.537642085577193271e-02 7.654624399999999940e-02 9.133871432441852400e-01 -1.770443964031946302e-02 4.067068715589251537e-01 7.485342000000000384e-02
4.566641839106049261e-01 1.889494146123323753e-02 -8.894384769732180951e-01 -7.911008834999999628e+00 7.758953390688458004e-03 9.996518156315939985e-01 2.521995532784793159e-02 7.830423899999999771e-02 8.896053179784518816e-01 -1.841816200477371795e-02 4.563585756100388968e-01 9.579253199999999968e-02
5.054052358002582013e-01 1.773049756182895273e-02 -8.626999345554022813e-01 -7.953612328000000176e+00 9.193427588811295403e-03 9.996214748343376089e-01 2.593044425367491829e-02 7.916931100000000610e-02 8.628331405983746816e-01 -2.103655167164135420e-02 5.050509231542019695e-01 1.241352559999999994e-01
5.505564705224598177e-01 1.322122909612932426e-02 -8.346932202114977217e-01 -7.994110584000000408e+00 1.677964480365185321e-02 9.994973072559711902e-01 2.689937375341985154e-02 8.020731799999999967e-02 8.346292687691435619e-01 -2.881548002811261389e-02 5.500578622514491478e-01 1.565763950000000071e-01
5.952333980063264640e-01 7.559498699271560360e-03 -8.035173027864788153e-01 -8.031513214000000289e+00 2.587065423109116691e-02 9.992570816899418729e-01 2.856560768050007970e-02 7.999382200000000609e-02 8.031362967438948619e-01 -3.779072203486766313e-02 5.945956190391802343e-01 1.902439589999999903e-01
