9.991355441943906568e-01 1.650639590822239409e-03 -4.153841253972121589e-02 -4.708829000000000313e-03 -1.803955747405635093e-03 9.999916979416155760e-01 -3.653736649796434418e-03 -5.050000000000000100e-05 4.153203668302652557e-02 3.725511613976486332e-03 9.991302269935455893e-01 4.071108600000000050e-02
9.984882277911004689e-01 1.450434208125617229e-03 -5.494683979261690693e-02 -6.610940000000000046e-03 -1.703248774383366330e-03 9.999881775500922831e-01 -4.554525623786478440e-03 -9.603499999999999786e-05 5.493958414658934447e-02 4.641228356056730821e-03 9.984788936643311796e-01 5.088440699999999955e-02
9.974447643409937170e-01 1.255225684537947164e-03 -7.143085115844800825e-02 -8.602396000000000001e-03 -1.575077309351255363e-03 9.999889841013512859e-01 -4.421629497947404501e-03 -2.470029999999999795e-04 7.142451414051791125e-02 4.522840305430654052e-03 9.974357536680558134e-01 6.199352400000000124e-02
9.959349740458913747e-01 -1.965331531076919540e-04 -9.007490686606091368e-02 -1.090325999999999969e-02 -2.083051417625009000e-04 9.999899204623916571e-01 -4.485039864653627036e-03 -3.416849999999999922e-04 9.007488041167600878e-02 4.485571127442577154e-03 9.959248945429985955e-01 7.404368399999999850e-02
9.938701206562372548e-01 -1.604666095510377637e-03 -1.105423371992751841e-01 -1.304043600000000074e-02 1.088294156949724117e-03 9.999882144889528091e-01 -4.731437310579236603e-03 -4.453880000000000122e-04 1.105486267783742788e-01 4.582131591073270761e-03 9.938601537376864359e-01 8.682252499999999762e-02
9.911997209159963962e-01 -1.581974090809888569e-03 -1.323654434285128911e-01 -1.716865799999999984e-02 8.959159907471394430e-04 9.999858568938605474e-01 -5.242456179013499709e-03 -6.509699999999999558e-04 1.323718647998447240e-01 5.077732784162581822e-03 9.911871195890230579e-01 1.001608670000000006e-01
9.876738715330061202e-01 1.976395450943080334e-03 -1.565133136574151651e-01 -2.130731900000000165e-02 -3.017249310307153730e-03 9.999748848060546758e-01 -6.412952807965735524e-03 -1.327698999999999893e-03 1.564967082644308505e-01 6.806145615488702963e-03 9.876550291899790501e-01 1.132245510000000066e-01
9.832923106449495965e-01 6.465528186505016192e-03 -1.819187422224152473e-01 -2.670439000000000146e-02 -7.804218923022347709e-03 9.999474753679112871e-01 -6.643844695805066654e-03 -3.066918999999999982e-03 1.818662310422624884e-01 7.952575093008952892e-03 9.832911219755177124e-01 1.287395209999999957e-01
9.778008390908233816e-01 9.143907165742853199e-03 -2.093368291415202420e-01 -3.250442800000000187e-02 -1.135237600313636699e-02 9.998918381906841679e-01 -9.350694024405832930e-03 -2.054259000000000120e-03 2.092286850132294429e-01 1.151958685886442409e-02 9.777988834552000519e-01 1.439462300000000083e-01
9.710639598142623008e-01 9.408955341391592175e-03 -2.386341499224882701e-01 -3.806010299999999791e-02 -1.194399729440084879e-02 9.998865341331818479e-01 -9.179313033383106751e-03 -2.450297000000000152e-03 2.385207053454191373e-01 1.176394570359751493e-02 9.710661577374667397e-01 1.577195530000000123e-01
9.629787831084063443e-01 1.148662638831122844e-02 -2.693323610286521008e-01 -4.536098999999999687e-02 -1.427122417161194763e-02 9.998630187323765961e-01 -8.383074139160402727e-03 -3.050578999999999878e-03 2.691991742998043335e-01 1.191642503414564944e-02 9.630108012741649404e-01 1.747250999999999943e-01
9.534738311410494438e-01 1.354368460342202790e-02 -3.011714162010941664e-01 -5.249623999999999957e-02 -1.651639026805849786e-02 9.998367537630415969e-01 -7.326300368947486277e-03 -3.417700999999999985e-03 3.010230259992129898e-01 1.195970032843158941e-02 9.535418729066549304e-01 1.883326170000000077e-01
9.421318539840424222e-01 1.581530626738461565e-02 -3.348692965863843130e-01 -5.987946699999999872e-02 -1.908380935617319529e-02 9.997969382492678525e-01 -6.472286137599856694e-03 -3.397048000000000168e-03 3.346989362532367673e-01 1.248832875362254971e-02 9.422423593300680578e-01 2.020210470000000091e-01
9.300898481204634693e-01 1.871596683568394273e-02 -3.668549945259826917e-01 -7.006435099999999694e-02 -2.249130367189302107e-02 9.997289206967377995e-01 -6.018835574641661669e-03 -3.584397000000000017e-03 3.666428994026639243e-01 1.384910495091503518e-02 9.302586665060781357e-01 2.162826059999999884e-01
9.161232854365145561e-01 2.114810660941447359e-02 -4.003384611398750903e-01 -7.970028399999999624e-02 -2.544859811764028576e-02 9.996613945534971180e-01 -5.428175863406608723e-03 -3.454212999999999815e-03 4.000881087146345716e-01 1.516093091449448489e-02 9.163512707684496883e-01 2.317419350000000100e-01
9.002587315416090696e-01 2.267440795100434878e-02 -4.347644045999676798e-01 -8.993863300000000394e-02 -2.725217863377337943e-02 9.996193543149822780e-01 -4.297119804110196249e-03 -4.036197000000000049e-03 4.345014787579046800e-01 1.571679684189501366e-02 9.005339789559441144e-01 2.464883920000000006e-01
8.813479022398720275e-01 1.709585520603960906e-02 -4.721584553432789932e-01 -9.999925599999999470e-02 -2.228784666543498494e-02 9.997369846682209182e-01 -5.404940102489750632e-03 -3.419587999999999881e-03 4.719418683571051099e-01 1.528702787554113776e-02 8.814971240283981935e-01 2.622956630000000122e-01
8.613910111523109814e-01 1.377716198443122361e-02 -5.077555668957790536e-01 -1.133228020000000003e-01 -1.915942650197282118e-02 9.998019918152730723e-01 -5.375271000420111904e-03 -4.180231000000000398e-03 5.075809711584101658e-01 1.435851558717679902e-02 8.614844112042991942e-01 2.760472889999999735e-01
8.359440701052057721e-01 1.492511880764952129e-02 -5.486116590854777098e-01 -1.254373189999999916e-01 -1.939496309885831507e-02 9.998091313930663748e-01 -2.352910843231618802e-03 -4.295797999999999978e-03 5.484718288684813370e-01 1.260720475045198907e-02 8.360739867535907921e-01 2.906297150000000107e-01
8.070164939153685602e-01 2.055440090794493496e-02 -5.901710727847150340e-01 -1.402705160000000117e-01 -2.397923971183775482e-02 9.997103999133539753e-01 2.027897414575811040e-03 -5.026833999999999990e-03 5.900418414073599349e-01 1.251530696376611240e-02 8.072756607753107660e-01 3.043372630000000245e-01
7.746659895355413328e-01 2.424134008353353784e-02 -6.319058174189214894e-01 -1.565663670000000118e-01 -2.777034176264208190e-02 9.996050686023473242e-01 4.302899357727383092e-03 -5.579045999999999832e-03 6.317605660179391736e-01 1.421493072269942350e-02 7.750332399124841842e-01 3.181452750000000052e-01
7.386497488351478902e-01 2.339578033708367838e-02 -6.736832980029947571e-01 -1.733377869999999932e-01 -2.671119981911847241e-02 9.996284543704481163e-01 5.428168859926102256e-03 -5.955430999999999746e-03 6.735599901641990961e-01 1.398537362274154122e-02 7.390002361127067099e-01 3.312816920000000165e-01
6.990063543256683776e-01 1.895629726603090606e-02 -7.148641657030379015e-01 -1.914003940000000015e-01 -2.081068819305107939e-02 9.997644444552606924e-01 6.162049983212049276e-03 -5.644754000000000091e-03 7.148125851363209549e-01 1.056950315889391631e-02 6.992361930947970095e-01 3.452740910000000052e-01
6.566766040326702525e-01 1.533335200169284873e-02 -7.540163963950066162e-01 -2.113417089999999887e-01 -1.564930931472624867e-02 9.998550701957333864e-01 6.703560386622247139e-03 -5.476642999999999789e-03 7.540099049973358891e-01 7.397764545945666528e-03 6.568213883892873861e-01 3.583968280000000006e-01
6.125888712197405939e-01 1.520628734356248291e-02 -7.902554293916296269e-01 -2.338973279999999877e-01 -1.304935423805150124e-02 9.998732233766531863e-01 9.124227548193912518e-03 -5.660608999999999606e-03 7.902939891025958508e-01 4.722922782174702669e-03 6.127096415013392194e-01 3.709912899999999736e-01
5.656809572418870502e-01 1.602170945942128777e-02 -8.244685315037199036e-01 -2.574151159999999994e-01 -1.058413991916243996e-02 9.998699457873002627e-01 1.216829870906030453e-02 -5.679280000000000092e-03 8.245562628444913500e-01 1.842915434635304835e-03 5.657769640650164300e-01 3.817073699999999903e-01
5.153694055065340951e-01 1.665503411796123712e-02 -8.568062708141037653e-01 -2.825033069999999813e-01 -8.811055464958139627e-03 9.998612604129195613e-01 1.413595511741084013e-02 -5.529974000000000001e-03 8.569228326806535012e-01 2.641287897399381343e-04 5.154446517974042852e-01 3.919366000000000239e-01
4.603142128642784825e-01 1.659958769312643717e-02 -8.876008557474233118e-01 -3.081932660000000213e-01 -6.325106792052235041e-03 9.998611170726734443e-01 1.541880638229534140e-02 -4.981651999999999608e-03 8.877335289709458177e-01 -1.483325521853592205e-03 4.603552772437689011e-01 4.026618000000000142e-01
4.068462432177171184e-01 1.873678610504906500e-02 -9.133044767360357641e-01 -3.368915920000000175e-01 -4.900785872224108428e-03 9.998200070670428818e-01 1.832855057807088184e-02 -4.637671999999999801e-03 9.134835065163821044e-01 -2.980992269687060894e-03 4.068648387457722837e-01 4.110631049999999842e-01
3.521016789325932539e-01 2.058737256160721868e-02 -9.357353086123543218e-01 -3.675577039999999851e-01 -4.223299869137086757e-03 9.997828284807476207e-01 2.040734214079169967e-02 -4.325761000000000016e-03 9.359522271094096180e-01 -3.233568623915106244e-03 3.521121591238934867e-01 4.195626680000000275e-01
2.968471896991656811e-01 2.396282383858830065e-02 -9.546242868486994881e-01 -4.005081950000000113e-01 -1.521908165080909647e-03 9.996956999844666125e-01 2.462095099918892860e-02 -4.394844000000000181e-03 9.549237821749149147e-01 -5.855809615090520198e-03 2.967933283119875698e-01 4.260177019999999981e-01
2.449170454481198189e-01 2.574395197092899448e-02 -9.692021924169808011e-01 -4.343354700000000013e-01 2.917738166736353472e-03 9.996233192531643885e-01 2.728930943202328985e-02 -4.269484999999999947e-03 9.695396472826441903e-01 -9.511495266510232305e-03 2.447496758012994711e-01 4.322445990000000071e-01
1.968282046498122662e-01 2.619824926525540082e-02 -9.800879091131402543e-01 -4.694626630000000023e-01 5.701435833306685297e-03 9.995954442736023626e-01 2.786469839955630842e-02 -4.030805999999999625e-03 9.804214152515082770e-01 -1.107246688390145159e-02 1.965992090353737565e-01 4.368823769999999884e-01
1.492398133454559961e-01 2.701719166294335242e-02 -9.884318638465988682e-01 -5.070374010000000542e-01 3.780695096660867394e-03 9.996037540365391161e-01 2.789339098503960251e-02 -3.336739000000000024e-03 9.887938028007657865e-01 -7.899763965207336550e-03 1.490785339077845828e-01 4.391873479999999774e-01
1.096351963226690485e-01 2.732589788634826738e-02 -9.935962052222194751e-01 -5.448154210000000219e-01 2.313053225673572522e-03 9.996123134064317517e-01 2.774657944714693791e-02 -2.417055999999999892e-03 9.939692014907027806e-01 -5.340242592476765818e-03 1.095294859706210655e-01 4.409306049999999755e-01
7.253964917182929850e-02 2.565792984997869453e-02 -9.970354406608830100e-01 -5.842931270000000232e-01 1.323420029367290349e-03 9.996656830596293286e-01 2.582190295757894050e-02 -1.133918000000000035e-03 9.973646513975986672e-01 -3.192608453651451031e-03 7.248144171998704977e-02 4.418556690000000065e-01
4.211312178516211230e-02 2.300560551047344318e-02 -9.988479499346255563e-01 -6.239559049999999774e-01 1.839347195342802554e-03 9.997313864003466444e-01 2.310350293647607869e-02 -6.223109999999999579e-04 9.991111558657538305e-01 -2.810188808113824044e-03 4.205949433195388387e-02 4.417887329999999890e-01
1.228190439414843238e-02 2.016604502817199995e-02 -9.997212038625440389e-01 -6.648417709999999703e-01 2.423409259704020074e-03 9.997930773337617705e-01 2.019726721729021152e-02 2.588500000000000035e-05 9.999216378856958798e-01 -2.670794527548762259e-03 1.223049240949181105e-02 4.408380989999999833e-01
-1.423591451564873954e-02 1.839624078245806135e-02 -9.997294219252411684e-01 -7.075563070000000510e-01 1.523026207002634025e-03 9.998299796369758408e-01 1.837640362794860580e-02 8.084119999999999978e-04 9.998975043118548678e-01 -1.261009198351200483e-03 -1.426151207711678914e-02 4.385383729999999813e-01
-3.547267142327072825e-02 1.584773479701877263e-02 -9.992449844176850560e-01 -7.514609100000000375e-01 1.272390489838034697e-03 9.998741643166514370e-01 1.581254421399054880e-02 1.782399999999999957e-03 9.993698367494076029e-01 -7.105166299225884954e-04 -3.548837220246314761e-02 4.354988929999999980e-01
-5.084899390850525919e-02 1.519789995570959736e-02 -9.985907087768388646e-01 -7.967666389999999987e-01 1.676264586017555888e-03 9.998840961924354565e-01 1.513222780935289530e-02 2.224698000000000214e-03 9.987049463958466156e-01 -9.044436813488892016e-04 -5.086857601797800665e-02 4.322105050000000226e-01
-6.349171198476513678e-02 1.552411906310568329e-02 -9.978616157747315363e-01 -8.434458369999999761e-01 2.716665725001593534e-03 9.998779897185883225e-01 1.538263318334178939e-02 2.961843000000000028e-03 9.979786682272231424e-01 -1.734186734225894901e-03 -6.352613918528815518e-02 4.280381200000000219e-01
-7.290834602210220783e-02 1.675185715235167488e-02 -9.971979484346469302e-01 -8.913282160000000065e-01 1.556397929283366566e-03 9.998596214328916432e-01 1.668277715370993647e-02 3.157626000000000183e-03 9.973374307153057838e-01 -3.357231326970040036e-04 -7.292418380874099437e-02 4.239183659999999909e-01
-7.907067983414149681e-02 1.804039482036281714e-02 -9.967057598636078763e-01 -9.404002430000000246e-01 -4.508160234410127365e-04 9.998354855039335298e-01 1.813280706416995486e-02 3.266769000000000096e-03 9.968689103164364296e-01 1.883104309067708954e-03 -7.904953866204078583e-02 4.193071130000000091e-01
-8.283307329091925408e-02 1.916263075905194624e-02 -9.963791826165243615e-01 -9.901247020000000232e-01 -2.805549571238564327e-04 9.998146232144232703e-01 1.925202575099051530e-02 3.756792000000000117e-03 9.965633965072654421e-01 1.874243578888545869e-03 -8.281234179100216419e-02 4.148758650000000103e-01
-8.345962769175621632e-02 1.980918938865096693e-02 -9.963142509074722764e-01 -1.041373968000000039e+00 1.864668684262282133e-03 9.998037563278946438e-01 1.972236911047833829e-02 4.530560000000000316e-03 9.965094146852055967e-01 -2.117744001914785568e-04 -8.348018684305902326e-02 4.106719489999999806e-01
-8.184554594485370094e-02 2.189312043611898323e-02 -9.964045352599306682e-01 -1.094612836999999894e+00 3.990376038521674038e-03 9.997578853810347166e-01 2.163902764712317961e-02 5.434019000000000002e-03 9.966370369939399065e-01 -2.204970750680971051e-03 -8.191309172488003831e-02 4.062057729999999922e-01
-7.990449584116920967e-02 2.435135121083348286e-02 -9.965050342264083483e-01 -1.148800253999999965e+00 3.385591151721363198e-03 9.997024198324896416e-01 2.415801220336721844e-02 5.931836999999999700e-03 9.967967743311181295e-01 -1.443424840887852847e-03 -7.996316156710381318e-02 4.014499189999999884e-01
-7.814894484490417237e-02 2.426839306265470009e-02 -9.966462700064575575e-01 -1.208481311999999974e+00 5.942520272755897476e-04 9.997046254958992240e-01 2.429626775107287737e-02 6.708982999999999960e-03 9.969415174844291627e-01 1.306468621987626200e-03 -7.814028318085086688e-02 3.964024780000000026e-01
-7.598245301140485464e-02 2.188672895315021960e-02 -9.968689171250654235e-01 -1.260084033000000048e+00 -7.672808294553832426e-04 9.997574862956331021e-01 2.200863185129629113e-02 7.216244999999999604e-03 9.971088597111640306e-01 2.437148245076441871e-03 -7.594723295771288463e-02 3.920563460000000000e-01
-7.469371126585701293e-02 2.187084614378994110e-02 -9.969666572088997647e-01 -1.318119167999999952e+00 -1.415798071949820464e-03 9.997561288126086687e-01 2.203811283767419249e-02 8.026191999999999702e-03 9.972055179415888482e-01 3.057611908216227928e-03 -7.464453091999767587e-02 3.874478339999999910e-01
-7.272926774801177774e-02 2.442914569025579630e-02 -9.970524913231409991e-01 -1.377547502999999951e+00 -1.221639786640195749e-03 9.996970446725815806e-01 2.458305247804153451e-02 9.219356999999999205e-03 9.973509719296761444e-01 3.005946398507985950e-03 -7.267739041255938393e-02 3.831765650000000245e-01
-7.081640781103107352e-02 2.789242992907357138e-02 -9.970993173888914596e-01 -1.438526511000000063e+00 -2.041499022078799297e-03 9.996028227773902097e-01 2.810745412192986598e-02 1.050290299999999920e-02 9.974872774459252467e-01 4.026046214993297609e-03 -7.073133877843784667e-02 3.784044979999999780e-01
-6.892051362054855967e-02 2.993747051407719822e-02 -9.971728589675402654e-01 -1.500239848999999959e+00 -2.865958747076112825e-03 9.995395675571382421e-01 3.020660802124737476e-02 1.100606800000000079e-02 9.976180376690967355e-01 4.939711217063874962e-03 -6.880298082461377973e-02 3.739268780000000181e-01
-6.716289442704413692e-02 2.921164525008813212e-02 -9.973143062214465671e-01 -1.563046216999999904e+00 -4.507041751226016982e-03 9.995522336612471248e-01 2.958071597281477713e-02 1.220159999999999995e-02 9.977318438272054779e-01 6.481663721193599986e-03 -6.700116303894232406e-02 3.693047760000000013e-01
-6.554344737987068126e-02 2.632378255055594155e-02 -9.975024385823791917e-01 -1.626547932999999890e+00 -7.329806717315649062e-03 9.996123028710527381e-01 2.686108490581526342e-02 1.331495499999999985e-02 9.978227951089557735e-01 9.072068179950404376e-03 -6.532508813533599579e-02 3.650808329999999935e-01
-6.395465098235499080e-02 2.549691621916021222e-02 -9.976270394696795663e-01 -1.691771745999999910e+00 -7.969516977587543308e-03 9.996286394276320264e-01 2.605897225919077617e-02 1.495106300000000055e-02 9.979209835537423690e-01 9.617198104149436017e-03 -6.372770263987581618e-02 3.605530259999999987e-01
-6.253111579530336306e-02 2.781215090090612130e-02 -9.976554233900898350e-01 -1.757810950000000094e+00 -5.254735024773365612e-03 9.995886189656756349e-01 2.819540022969506052e-02 1.610547699999999999e-02 9.980291815960160573e-01 7.005504732600992962e-03 -6.235924619675681235e-02 3.569059370000000064e-01
-6.140882248552029937e-02 3.004930295122849523e-02 -9.976602607667037770e-01 -1.824585080000000081e+00 -2.979254771672806140e-03 9.995367367873458919e-01 3.028920357997946441e-02 1.676072600000000010e-02 9.981082509236898215e-01 4.832308418268278088e-03 -6.129084950792751396e-02 3.529585599999999768e-01
-6.020469317031592466e-02 3.178399227938861343e-02 -9.976798949337667421e-01 -1.891675234000000039e+00 -2.217364046163225466e-03 9.994861983566145636e-01 3.197534349039487384e-02 1.781080999999999984e-02 9.981835894348066729e-01 4.137285272460716409e-03 -6.010328321830171738e-02 3.488329649999999948e-01
-5.933372015555487405e-02 2.715555653673995540e-02 -9.978687716336662739e-01 -1.959466337999999919e+00 -2.180749982082477029e-03 9.996240052789863162e-01 2.733299104585573680e-02 1.871781800000000065e-02 9.982358208269315192e-01 3.797870347589878820e-03 -5.925219151056737577e-02 3.442683220000000155e-01
-5.900091272305265505e-02 2.017886279822610207e-02 -9.980539593599222492e-01 -2.027780771000000204e+00 -5.897639847827675780e-04 9.997947955762835903e-01 2.024892384843460236e-02 1.926007299999999908e-02 9.982577545285031828e-01 1.783321268817554192e-03 -5.897690470822625208e-02 3.399991989999999742e-01
-5.892856602884483791e-02 1.532509923990635001e-02 -9.981445613933238592e-01 -2.102959393999999982e+00 2.367424420717192772e-03 9.998814881709074953e-01 1.521199903837038361e-02 2.041723200000000044e-02 9.982593948505548154e-01 -1.466610520285272466e-03 -5.895786331088948007e-02 3.353798390000000129e-01
-5.994276384319442014e-02 1.612721242809921421e-02 -9.980715295419150257e-01 -2.165612697999999892e+00 3.463154132560018056e-03 9.998668214047574665e-01 1.594822928732159834e-02 2.110679099999999975e-02 9.981958082592278236e-01 -2.500494600236545170e-03 -5.999063177247787593e-02 3.326256280000000065e-01
-5.977382976037814988e-02 2.360637426021669483e-02 -9.979327774805594187e-01 -2.236982107000000219e+00 2.799358531063981040e-03 9.997203643668137740e-01 2.348098511774317568e-02 2.157155100000000131e-02 9.982080208391393983e-01 -1.390023227034620917e-03 -5.982319757281795436e-02 3.278510570000000013e-01
-6.005869498795799594e-02 3.075381312745373991e-02 -9.977209811036672482e-01 -2.308187961999999871e+00 1.555888497064325526e-03 9.995269468477308017e-01 3.071582224584370330e-02 2.263978499999999908e-02 9.981936347058758541e-01 2.924096017885430276e-04 -6.007813353705859782e-02 3.232460019999999767e-01
-6.036816087444168283e-02 3.618166470388985145e-02 -9.975202114703707323e-01 -2.379175900999999982e+00 -5.649097872769022477e-04 9.993414350604102880e-01 3.628191075911123276e-02 2.343114500000000044e-02 9.981760195624667098e-01 2.753781156004293101e-03 -6.030796514371106198e-02 3.184182640000000064e-01
-6.091701475436685914e-02 3.655129049528099000e-02 -9.974733683044100241e-01 -2.449917316000000067e+00 -2.086510630558452428e-03 9.993224420302961875e-01 3.674647368107358120e-02 2.461787299999999845e-02 9.981406533083422294e-01 4.319724266067026530e-03 -6.079947528935047973e-02 3.139340880000000000e-01
-6.105959525623911449e-02 3.299171007177804232e-02 -9.975887293337292183e-01 -2.520201445000000096e+00 -2.037235164422404599e-03 9.994473865506328103e-01 3.317787199316257762e-02 2.578616699999999873e-02 9.981320431185592978e-01 4.058150274395950358e-03 -6.095864103079495777e-02 3.087990279999999754e-01
-6.133364204402148162e-02 3.008128676573562296e-02 -9.976639216390126297e-01 -2.590836762999999987e+00 -1.999635243853940120e-03 9.995400373323315435e-01 3.026078697874059337e-02 2.736903200000000147e-02 9.981153168910432694e-01 3.850968215755359511e-03 -6.124527925721190424e-02 3.039207460000000194e-01
-6.130653749854120954e-02 3.160715215326339450e-02 -9.976184122161636525e-01 -2.661233902000000207e+00 -3.856454333583773930e-03 9.994835223362166232e-01 3.190323397968457264e-02 2.824450699999999856e-02 9.981115349598520536e-01 5.803146659354278120e-03 -6.115298250238565547e-02 2.988176350000000259e-01
-6.126230567088263718e-02 3.395487699048671537e-02 -9.975439821042723088e-01 -2.731932163000000191e+00 -4.810757173822448329e-03 9.993995405405801113e-01 3.431348106345200044e-02 2.941031399999999990e-02 9.981101074126553785e-01 6.901064833652766767e-03 -6.106217147186843164e-02 2.942757610000000246e-01
-6.066463008130670853e-02 3.238563169742217362e-02 -9.976326846673868598e-01 -2.802231550000000126e+00 -5.415705472880239998e-03 9.994481189601699400e-01 3.277388657466456801e-02 3.070543300000000073e-02 9.981435131239042580e-01 7.391100495656093700e-03 -6.045575937935010469e-02 2.885937690000000000e-01
-6.050563170687772024e-02 2.716605752525036444e-02 -9.977981127714595777e-01 -2.871858120000000181e+00 -6.563248885090551890e-03 9.995971410841822946e-01 2.761302772970994357e-02 3.143785100000000277e-02 9.981462780052950956e-01 8.219541037318376167e-03 -6.030295887692249668e-02 2.843775749999999936e-01
-6.031724506243776873e-02 2.304315210342591097e-02 -9.979132442698694927e-01 -2.942263125999999840e+00 -7.935362607942739177e-03 9.996908399596204919e-01 2.356383926929279948e-02 3.220271300000000086e-02 9.981477145033987863e-01 9.340109312367776695e-03 -6.011574161294797047e-02 2.795150279999999987e-01
-5.969122939309751130e-02 2.370586311754900935e-02 -9.979353632312025768e-01 -3.012073754999999853e+00 -7.597966120838375165e-03 9.996782217007379456e-01 2.420173481544109217e-02 3.303984599999999772e-02 9.981879722999905669e-01 9.026910385196630637e-03 -5.949190570599016681e-02 2.749655249999999884e-01
-5.947653065919060456e-02 2.633099129412345279e-02 -9.978823684173478981e-01 -3.082443237000000114e+00 -6.562236989284896127e-03 9.996201341887173131e-01 2.676797284493973028e-02 3.317822899999999658e-02 9.982081342818456271e-01 8.140406746579969058e-03 -5.928114735358458454e-02 2.710013390000000078e-01
-5.885108640311877831e-02 3.131037390375725205e-02 -9.977756311491976504e-01 -3.152684688999999985e+00 -6.170116661895928487e-03 9.994775046473999280e-01 3.172770656989239851e-02 3.397622000000000142e-02 9.982477043747965961e-01 8.023602047304926807e-03 -5.862714832426396683e-02 2.664186949999999832e-01
-5.819427014553030936e-02 3.657053202483203508e-02 -9.976352154518453030e-01 -3.223766326999999876e+00 -5.419623590952439909e-03 9.993025010421654475e-01 3.694778871604040976e-02 3.563540400000000247e-02 9.982905662192553820e-01 7.556956946648969373e-03 -5.795548118465643217e-02 2.619516849999999897e-01
-5.832517784971216757e-02 3.984836751889697659e-02 -9.975020206670650591e-01 -3.293717861000000191e+00 -5.840432843850371092e-03 9.991723056274766090e-01 4.025658966267601363e-02 3.657995900000000217e-02 9.982805532379139812e-01 8.173816315009511946e-03 -5.804417071379830428e-02 2.574520109999999806e-01
-5.797484403063629665e-02 4.004286664171800847e-02 -9.975146546746753717e-01 -3.368607282999999786e+00 -5.666662366524726629e-03 9.991659606458243026e-01 4.043849681097064219e-02 3.796181800000000134e-02 9.983019615313029060e-01 7.996994299151297808e-03 -5.769958132371610926e-02 2.533352380000000181e-01
-5.786962604232932100e-02 3.526422900019204193e-02 -9.977011278608153289e-01 -3.433025359999999804e+00 -5.171597201577825612e-03 9.993519344212924427e-01 3.562254554078476965e-02 3.960692500000000116e-02 9.983107537055310177e-01 7.221171749977097973e-03 -5.764975034162544976e-02 2.487764359999999897e-01
-5.758490013580570138e-02 3.123200957580633125e-02 -9.978519633964779700e-01 -3.502157211000000103e+00 -6.679058229599252675e-03 9.994761177199877888e-01 3.166828521638867522e-02 4.025199599999999822e-02 9.983182706219069225e-01 8.488326409702973835e-03 -5.734613201644411795e-02 2.444086069999999999e-01
-5.723061714290812035e-02 2.857317441750566178e-02 -9.979520179673710967e-01 -3.571637153999999814e+00 -1.081729010379935130e-02 9.995139374844214109e-01 2.923824565869912948e-02 4.110115400000000085e-02 9.983023803919590655e-01 1.246845933124834591e-02 -5.689371516831087661e-02 2.393624779999999896e-01
-5.748462535889490438e-02 2.694144210492901981e-02 -9.979828037319352640e-01 -3.641131400999999990e+00 -1.415123103600183195e-02 9.995133917538552293e-01 2.779788417973692513e-02 4.201859599999999834e-02 9.982460921573964585e-01 1.572063618340961352e-02 -5.707539829449881363e-02 2.339770790000000045e-01
-5.792210352083250469e-02 2.473546246215825931e-02 -9.980146225484399780e-01 -3.716981410999999902e+00 -1.219932691902914437e-02 9.996008221894137069e-01 2.548279225223764113e-02 4.280486000000000013e-02 9.982465659076641407e-01 1.365112358127387390e-02 -5.759722630929531295e-02 2.291150090000000084e-01
-5.961809933892465996e-02 2.103311942004805826e-02 -9.979996443479705048e-01 -3.778391599999999961e+00 -8.410375697304239839e-03 9.997319203321693992e-01 2.157204324080261304e-02 4.322362700000000058e-02 9.981858282964369833e-01 9.679636171616198825e-03 -5.942522050224829933e-02 2.266905310000000007e-01
-6.033012467244152494e-02 1.958918441758875084e-02 -9.979862423454848308e-01 -3.847158193999999920e+00 -3.883168952694993417e-03 9.997952409070871571e-01 1.985943751530755766e-02 4.377599800000000346e-02 9.981709257716795403e-01 5.073471532715801563e-03 -6.024170341809931273e-02 2.225103380000000020e-01
-6.187621810977615711e-02 2.303067890750722102e-02 -9.978180803440532820e-01 -3.916053057000000059e+00 -3.872166619973667692e-03 9.997206762600510110e-01 2.331471174630810744e-02 4.410243800000000075e-02 9.980763197061131020e-01 5.306344052695553815e-03 -6.176975598701883730e-02 2.176036829999999922e-01
-6.376443082904104109e-02 2.902726975171252694e-02 -9.975427384186653645e-01 -3.992028235999999897e+00 -1.385767804475400780e-03 9.995733602885016333e-01 2.917493871708093378e-02 4.469072100000000269e-02 9.979640158886694534e-01 3.242685972255632265e-03 -6.369700133479450077e-02 2.125902179999999975e-01
-6.563199894418286773e-02 3.317422834131647513e-02 -9.972922897970029066e-01 -4.053207873999999933e+00 7.324271001846703599e-04 9.994485343115337983e-01 3.319775313285329432e-02 4.500319800000000120e-02 9.978436271606558883e-01 1.448390998712117267e-03 -6.562010285256458797e-02 2.087459560000000103e-01
-6.699172084703836072e-02 3.197395801629435846e-02 -9.972410818587071901e-01 -4.120713710999999613e+00 6.229202733549210613e-04 9.994875422217467387e-01 3.200413901145998663e-02 4.615773299999999940e-02 9.977533369066151625e-01 1.522810659293353727e-03 -6.697730764527953795e-02 2.038698200000000071e-01
-6.817149168071302834e-02 2.827190810406223637e-02 -9.972729550800932818e-01 -4.194471358999999566e+00 -2.414947464875928304e-03 9.995907983975349520e-01 2.850269790249107538e-02 4.653115599999999713e-02 9.976706950445964894e-01 4.351433227597548484e-03 -6.807532062427168462e-02 1.981315610000000116e-01
-6.938010284599654964e-02 2.458042328012323419e-02 -9.972874230232970927e-01 -4.253542900000000238e+00 -7.456493445434168518e-03 9.996556903188816845e-01 2.515753403214283229e-02 4.721514500000000003e-02 9.975624301438867914e-01 9.181699431488875643e-03 -6.917293083983544477e-02 1.929931639999999948e-01
-7.038158796403071182e-02 2.329219607049241858e-02 -9.972481665452562760e-01 -4.319381714000000372e+00 -1.159277602884749986e-02 9.996407354777226972e-01 2.416624748492463004e-02 4.794157300000000121e-02 9.974527756338172901e-01 1.326173351305872349e-02 -7.008628114418846700e-02 1.871838570000000090e-01
-7.144983381017420976e-02 2.456183640611831615e-02 -9.971417338778159056e-01 -4.385303496999999773e+00 -1.285740572595391040e-02 9.995910257352764727e-01 2.554346075801121330e-02 4.821111599999999831e-02 9.973613228747624238e-01 1.464573186484486277e-02 -7.110481117087907865e-02 1.816558839999999897e-01
-7.258344004766481561e-02 2.638614653847430255e-02 -9.970132474053174931e-01 -4.456989287999999938e+00 -1.263952910076177397e-02 9.995453682526215244e-01 2.737332842096920973e-02 4.830645399999999867e-02 9.972822501854516908e-01 1.458862829677297704e-02 -7.221693284445518390e-02 1.761732099999999968e-01
-7.291460540354689768e-02 2.557375101087100422e-02 -9.970102524939644661e-01 -4.515772343000000077e+00 -1.492223653918270387e-02 9.995313143865778294e-01 2.672972909157239271e-02 4.935692299999999699e-02 9.972265475685621050e-01 1.682661046896092097e-02 -7.249881381520750789e-02 1.710228920000000097e-01
-7.342841697082024000e-02 2.544500244084086857e-02 -9.969758369348500349e-01 -4.581521511000000046e+00 -1.540080044687758623e-02 9.995263339106184031e-01 2.664438336299820853e-02 5.007188800000000189e-02 9.971815696886674463e-01 1.731068080650102065e-02 -7.300176301474248231e-02 1.659464840000000052e-01
-7.387001475830372310e-02 2.695832872586438611e-02 -9.969034403752029538e-01 -4.652744769999999974e+00 -1.365616077124794797e-02 9.995134923814497085e-01 2.804082417525685655e-02 5.115646499999999819e-02 9.971743730123620031e-01 1.568524975083519790e-02 -7.346592916213678937e-02 1.601166729999999871e-01
-7.424049250821063151e-02 2.960733086767364242e-02 -9.968007600473781649e-01 -4.710844039999999566e+00 -1.267627226278292100e-02 9.994504021521193327e-01 3.063014462072968097e-02 5.227005099999999793e-02 9.971597973212008581e-01 1.490971484835020011e-02 -7.382437950624953782e-02 1.559715269999999987e-01
-7.461587715685998046e-02 3.388856353596996634e-02 -9.966363610352475533e-01 -4.774412631999999768e+00 -1.268599414951993194e-02 9.993092689633670256e-01 3.492922152495177984e-02 5.328684300000000040e-02 9.971316545113539931e-01 1.524959754778254691e-02 -7.413442753592924817e-02 1.512060169999999981e-01
-7.499114226097769453e-02 3.626160224902613693e-02 -9.965246734450319277e-01 -4.837121963999999608e+00 -1.251803451047766962e-02 9.992256336947688000e-01 3.730190047815637455e-02 5.360473699999999952e-02 9.971056249938561322e-01 1.527184237808964715e-02 -7.447914765886143318e-02 1.458754539999999877e-01
-7.568103065402427554e-02 3.570904907864352190e-02 -9.964924713278285884e-01 -4.899876117999999892e+00 -1.233192590550430574e-02 9.992486043203101520e-01 3.674439232554096990e-02 5.553631500000000276e-02 9.970558184989471995e-01 1.506952480376042187e-02 -7.518380290716253356e-02 1.408581730000000032e-01
-7.607202601494385263e-02 3.366558248940776377e-02 -9.965338305414578324e-01 -4.967799186999999783e+00 -1.143733543879571837e-02 9.993346399775923095e-01 3.463328888390822952e-02 5.623998499999999928e-02 9.970367266134395612e-01 1.403231614897038244e-02 -7.563636617033620002e-02 1.355180739999999884e-01
-7.593278308354362016e-02 3.025904953727987651e-02 -9.966537023331059064e-01 -5.023091316000000361e+00 -1.123428323424063326e-02 9.994500285007351659e-01 3.119986234092305202e-02 5.681680100000000011e-02 9.970496493823162165e-01 1.356578235783440986e-02 -7.555108348408712260e-02 1.305818559999999962e-01
-7.601469584873712937e-02 2.735394063971091638e-02 -9.967314221727450185e-01 -5.087707995999999788e+00 -1.200875299043284439e-02 9.995260214227126294e-01 2.834646980662455101e-02 5.757938299999999787e-02 9.970343804837615842e-01 1.412424972741131712e-02 -7.565017979488852795e-02 1.262388230000000000e-01
-7.476923490620439317e-02 2.475216338145244319e-02 -9.968936211650060164e-01 -5.153717517999999664e+00 -1.189235324213080633e-02 9.995986704558748048e-01 2.571128073846143391e-02 5.856005100000000185e-02 9.971299481240673002e-01 1.377782387699457572e-02 -7.444486633280567034e-02 1.200561519999999993e-01
-7.252932473643218525e-02 2.403754644575015892e-02 -9.970765734958101367e-01 -5.196533203000000434e+00 -1.452416363809047595e-02 9.995780641836743419e-01 2.515436887366167759e-02 5.876634599999999709e-02 9.972605204879471108e-01 1.630613270173749893e-02 -7.214959675855570076e-02 1.173543930000000013e-01
-6.866049693736996085e-02 2.486878734374704802e-02 -9.973300755398710749e-01 -5.258144855000000284e+00 -1.459331304838880350e-02 9.995572633486980996e-01 2.592898958951299349e-02 5.973674699999999976e-02 9.975333434901236807e-01 1.633464731522644986e-02 -6.826718042003809828e-02 1.132621770000000055e-01
-6.276731028742994767e-02 2.619090918303251109e-02 -9.976844696773865540e-01 -5.307023047999999577e+00 -1.449524750777943238e-02 9.995262378969884676e-01 2.715119804319636454e-02 6.002790899999999735e-02 9.979229191470502247e-01 1.616589099489414150e-02 -6.235792980344601055e-02 1.104421619999999965e-01
-5.568768028851404928e-02 2.759673694872397456e-02 -9.980667825220247424e-01 -5.365901469999999840e+00 -1.393151659640825754e-02 9.994991629919085518e-01 2.841365910610955947e-02 6.021590899999999802e-02 9.983510380168930665e-01 1.548687470915724451e-02 -5.527532543852298197e-02 1.076211930000000039e-01
-4.706738173138468040e-02 2.892519870536299290e-02 -9.984728311059881678e-01 -5.412301064000000217e+00 -1.463340565752573388e-02 9.994534163085666556e-01 2.964341525528228077e-02 6.048428299999999980e-02 9.987845238167311068e-01 1.600629591723442408e-02 -4.661838130175177675e-02 1.057925219999999999e-01
-3.489028870665699528e-02 3.087628928240771647e-02 -9.989140716368526407e-01 -5.468960284999999644e+00 -1.671227007412352805e-02 9.993648434630203470e-01 3.147395239086370200e-02 6.075179599999999680e-02 9.992514036932526045e-01 1.779225703169427103e-02 -3.435211502633350733e-02 1.033549309999999971e-01
-2.088886060148579735e-02 3.223838443286319161e-02 -9.992618986391558211e-01 -5.523603439000000392e+00 -1.987386835518213657e-02 9.992691035607008665e-01 3.265406598869948634e-02 6.147739299999999824e-02 9.995842560081528161e-01 2.054130565841361111e-02 -2.023289159944863247e-02 1.038875580000000048e-01
-1.149278650760624529e-03 3.331502707466362651e-02 -9.994442396300042830e-01 -5.559871674000000041e+00 -2.152030004116797096e-02 9.992126154841638463e-01 3.333205279358893158e-02 6.211388899999999852e-02 9.997677509525504380e-01 2.154664772791637165e-02 -4.314243480202373249e-04 1.016430849999999941e-01
2.064217116737359151e-02 3.418024116233449317e-02 -9.992024879290388739e-01 -5.611104965000000000e+00 -2.199833492410436381e-02 9.991890090290987958e-01 3.372532425365740855e-02 6.241164400000000223e-02 9.995448834494944368e-01 2.128462707054218361e-02 2.137733894581272942e-02 1.040468219999999971e-01
4.604657217050649176e-02 3.482628118951856117e-02 -9.983320306039744629e-01 -5.650264739999999897e+00 -2.142474387538625263e-02 9.991966380201555697e-01 3.386825828253089282e-02 6.264121799999999851e-02 9.987095140936730342e-01 1.982949085898851049e-02 4.675572425974017232e-02 1.071276659999999964e-01
7.482472060643166611e-02 3.435210873875334942e-02 -9.966048333273175297e-01 -5.696990966999999628e+00 -1.989867329516035316e-02 9.992589084776105635e-01 3.294960742143705767e-02 6.305617099999999420e-02 9.969981464312066555e-01 1.736566881335739609e-02 7.545283002911740144e-02 1.136717800000000000e-01
1.087030880102355518e-01 3.412014779146357868e-02 -9.934885274484689388e-01 -5.742662430000000207e+00 -1.913430305565440651e-02 9.992974330365776980e-01 3.222605736171978846e-02 6.401354099999999325e-02 9.938900930704627212e-01 1.550663861690092238e-02 1.092795820599231638e-01 1.208629610000000049e-01
1.464718952751552783e-01 3.376449386223986243e-02 -9.886384287740037635e-01 -5.770710945000000258e+00 -1.844552230011798494e-02 9.993367734231999311e-01 3.139706978658769049e-02 6.483340999999999410e-02 9.890428436632965337e-01 1.363716386697667003e-02 1.469975549459426878e-01 1.257591249999999994e-01
1.872917943449548817e-01 3.434242710784304181e-02 -9.817038155530362076e-01 -5.810559750000000356e+00 -1.828110914724119518e-02 9.993374508114480914e-01 3.147158168925130034e-02 6.397234599999999938e-02 9.821341989867748978e-01 1.205226559693448919e-02 1.877955219769288364e-01 1.351590159999999929e-01
2.321142260315371686e-01 3.429806098460073949e-02 -9.720836533377552602e-01 -5.843192576999999943e+00 -1.669028678042152464e-02 9.993714396480751772e-01 3.127554864300603754e-02 6.532976000000000061e-02 9.725453307691975802e-01 8.964855181783953214e-03 2.325407727057814400e-01 1.449933049999999890e-01
2.807495678541776507e-01 3.339233033652119070e-02 -9.591999960510784184e-01 -5.881406306999999778e+00 -1.343833322797739240e-02 9.994333851951033854e-01 3.085967850626550324e-02 6.465151199999999432e-02 9.596869757112191923e-01 4.226207774456097396e-03 2.810392282548840326e-01 1.579747200000000129e-01
3.295913806709040439e-01 2.797525372112174419e-02 -9.437091220109542489e-01 -5.911478519000000098e+00 -5.973903934726526241e-03 9.996026926662778811e-01 2.754576711775389916e-02 6.516322500000000517e-02 9.441047792799409644e-01 -3.441219778761144682e-03 3.296275530765114814e-01 1.732339860000000065e-01
3.805773022445002596e-01 2.256369344762703538e-02 -9.244737945200501850e-01 -5.943476676999999597e+00 -5.885421318721478084e-04 9.997079880307984112e-01 2.415765480281706346e-02 6.529520499999999505e-02 9.247489230242215141e-01 -8.649763315523251173e-03 3.804794488012830378e-01 1.895487309999999981e-01
4.323566144012778723e-01 1.775503863931865434e-02 -9.015278789845496688e-01 -5.974569798000000098e+00 4.456109359831166364e-03 9.997518411847503561e-01 2.182656952145224302e-02 6.569579999999999864e-02 9.016916884794036191e-01 -1.345416852198099908e-02 4.321702029022178593e-01 2.078034880000000084e-01
4.825185272137698655e-01 1.705925139708121957e-02 -8.757196199910253220e-01 -6.004244803999999824e+00 4.356750621697835953e-03 9.997511992844353435e-01 2.187597434067113308e-02 6.661365199999999542e-02 8.758749280687712080e-01 -1.437085491905574705e-02 4.823241533547959481e-01 2.276530270000000078e-01
5.301758362585684559e-01 1.604307236609318899e-02 -8.477359273244138294e-01 -6.034109115999999773e+00 5.822683240327618422e-03 9.997285121644365891e-01 2.256099123187341182e-02 6.673877699999999913e-02 8.478677249473589583e-01 -1.689739016943617167e-02 5.299384862397251705e-01 2.491040230000000077e-01
5.744493003133541720e-01 1.124470486492567395e-02 -8.184629240118322935e-01 -6.061634541000000098e+00 1.367174893687723644e-02 9.996343423167988185e-01 2.332948653245215526e-02 6.738053300000000634e-02 8.184259799459597806e-01 -2.459142682646916350e-02 5.740855137313025658e-01 2.729613779999999768e-01
6.173779662031513293e-01 4.558183486074013011e-03 -7.866534623391470138e-01 -6.087453365000000005e+00 2.420862707261733221e-02 9.993995131738813154e-01 2.479022878207977343e-02 6.751979900000000534e-02 7.862940857097422409e-01 -3.434874133234287058e-02 6.168968915035675238e-01 2.984595299999999729e-01
