9.999934249974355982e-01 -3.419221051233186162e-03 -1.207844899336073946e-03 -3.642100000000000247e-05 3.419087449709496546e-03 9.999941485573553557e-01 -1.126590480643830468e-04 -2.485699999999999935e-05 1.208223037889675361e-03 1.085285799943375390e-04 9.999992642090482775e-01 3.622807599999999795e-02
9.999784278589285424e-01 -6.021938261634502375e-03 -2.622989965407436768e-03 2.102449999999999903e-04 6.014837316149619813e-03 9.999782474561274004e-01 -2.706722488986339648e-03 -2.422349999999999872e-04 2.639232624423189840e-03 2.690887241263147361e-03 9.999928967632765175e-01 7.191359999999999419e-02
9.999710483453873033e-01 -6.781706645838709094e-03 -3.451220942906596621e-03 9.026000000000000657e-05 6.761019291237301693e-03 9.999593171340617204e-01 -5.970987767910400715e-03 -4.091759999999999733e-04 3.491574024775512698e-03 5.947481126561534812e-03 9.999762179067454015e-01 1.073071359999999974e-01
9.999689873926311812e-01 -6.521786672102850707e-03 -4.414810478313145950e-03 -8.728299999999999763e-05 6.492195771914144667e-03 9.999565860539321172e-01 -6.684115605244993902e-03 -4.411479999999999850e-04 4.458211190038221389e-03 6.655246499471013238e-03 9.999679155088008198e-01 1.425770819999999939e-01
9.999654921081462255e-01 -6.048465948089842142e-03 -5.694791707142827196e-03 -2.143000000000000048e-04 6.018937752627620194e-03 9.999684277021991807e-01 -5.188061981275828710e-03 -4.730280000000000118e-04 5.725991725713462134e-03 5.153606355394574692e-03 9.999703262398793591e-01 1.777209339999999971e-01
9.999641068939980615e-01 -5.782024206823703320e-03 -6.192989565667285888e-03 -6.975199999999999760e-04 5.769317823120594622e-03 9.999812197414651438e-01 -2.067640255817795262e-03 -6.983360000000000305e-04 6.204828405732281012e-03 2.031836716707314996e-03 9.999786856448551475e-01 2.127948110000000004e-01
9.999569132535079952e-01 -6.100771962120168750e-03 -6.996586166307286470e-03 -1.091347000000000107e-03 6.095631213136197719e-03 9.999811358146301066e-01 -7.558405888051789034e-04 -7.622590000000000485e-04 7.001065392480904440e-03 7.131594130726009659e-04 9.999752379369309940e-01 2.476572989999999974e-01
9.999439970481296402e-01 -7.163878779480929715e-03 -7.789840065293708073e-03 -1.358548999999999911e-03 7.165916431744457499e-03 9.999742971831032667e-01 2.336982068662976219e-04 -7.973389999999999905e-04 7.787965658835883410e-03 -2.895064620014158323e-04 9.999696314273275322e-01 2.825614209999999793e-01
9.999376898483482989e-01 -7.371983187600072984e-03 -8.382737299357361296e-03 -1.772464999999999978e-03 7.374566437234390121e-03 9.999727690681057268e-01 2.772942978342397250e-04 -9.388940000000000133e-04 8.380464820707223331e-03 -3.390960727244831676e-04 9.999648257930087158e-01 3.172199729999999884e-01
9.999255847034321798e-01 -7.787228662218199753e-03 -9.390640300944778224e-03 -1.934958999999999985e-03 7.777331193900665664e-03 9.999691620017289173e-01 -1.090029843841758359e-03 -1.026107000000000061e-03 9.398839024038051909e-03 1.016914609204422424e-03 9.999553128563685167e-01 3.514717219999999864e-01
9.999099398506381409e-01 -8.126347236961699305e-03 -1.068057435148311168e-02 -2.616101999999999924e-03 8.092903499307590315e-03 9.999622248615585018e-01 -3.170766921858141248e-03 -9.795859999999999550e-04 1.070593764432284031e-02 3.084044504571834162e-03 9.999379338582219390e-01 3.860910830000000016e-01
9.998837272492147044e-01 -9.317538418963150840e-03 -1.207126588345626417e-02 -3.278515000000000075e-03 9.262184110085081371e-03 9.999463701270272509e-01 -4.633445294056144810e-03 -9.665830000000000255e-04 1.211379080753984677e-02 4.521100263571830279e-03 9.999164043682240433e-01 4.200955029999999812e-01
9.998672227915431643e-01 -9.070909399744279608e-03 -1.353718544559322397e-02 -3.934517000000000223e-03 9.004291459057898669e-03 9.999470897764752841e-01 -4.973970534506738650e-03 -1.180134999999999908e-03 1.358158762616090871e-02 4.851417341296782731e-03 9.998959967053241416e-01 4.538608490000000106e-01
9.998572634727608266e-01 -7.673414201701158309e-03 -1.505228870475306020e-02 -4.790451999999999731e-03 7.587226615604509943e-03 9.999545426530561665e-01 -5.774653219086796699e-03 -1.383642000000000032e-03 1.509591577366435101e-02 5.659623839653828148e-03 9.998700325467044792e-01 4.881575409999999726e-01
9.998406559959975848e-01 -6.407394551707129918e-03 -1.666156993058972441e-02 -5.519651000000000418e-03 6.310565197245411595e-03 9.999629317528301309e-01 -5.857634947330167888e-03 -1.571226999999999910e-03 1.669848449364470799e-02 5.751557644988225179e-03 9.998440279364936289e-01 5.221524829999999451e-01
9.998109476064704904e-01 -7.268722797406181046e-03 -1.803426502926555250e-02 -6.479905000000000213e-03 7.183201536962613432e-03 9.999626685467255527e-01 -4.802408623878738798e-03 -1.726506999999999955e-03 1.806849916099012229e-02 4.671956956757477609e-03 9.998258359115668181e-01 5.558554530000000549e-01
9.997824486161914770e-01 -6.851655217591305115e-03 -1.970051420120277549e-02 -7.113079999999999924e-03 6.786451952735754641e-03 9.999712774004783089e-01 -3.374676865849759577e-03 -1.962662000000000000e-03 1.972307047357858487e-02 3.240246107157035860e-03 9.998002306942419537e-01 5.893478989999999529e-01
9.997539436618123609e-01 -6.599246608786301337e-03 -2.117786761810957694e-02 -7.941439999999999264e-03 6.539459427613708402e-03 9.999744381468658183e-01 -2.891111076174189814e-03 -2.059796999999999930e-03 2.119640542753289600e-02 2.751907893917490428e-03 9.997715436037850623e-01 6.228957179999999871e-01
9.997176835781570459e-01 -7.840205055262365261e-03 -2.242954136435699325e-02 -8.982254999999999753e-03 7.779157341664086865e-03 9.999658001384746919e-01 -2.807715169637176392e-03 -2.262619000000000002e-03 2.245078733981498154e-02 2.632439574162234557e-03 9.997444835605300284e-01 6.560353639999999542e-01
9.996800120808118084e-01 -7.542533899926011885e-03 -2.414505391330719342e-02 -9.953599000000000474e-03 7.458290530220102431e-03 9.999657881561521133e-01 -3.577208354617571542e-03 -2.271642999999999839e-03 2.417120908177481514e-02 3.395982864206402267e-03 9.997020655935002775e-01 6.889885070000000278e-01
9.996599279581057651e-01 -7.720596847669815993e-03 -2.490824801367285540e-02 -1.110345700000000060e-02 7.646639672556711925e-03 9.999660726841491654e-01 -3.063067475098695674e-03 -2.430280999999999848e-03 2.493105165276764817e-02 2.871561414052745988e-03 9.996850488021377101e-01 7.217452530000000310e-01
9.996280057466864211e-01 -7.749884563623013131e-03 -2.614936741401494361e-02 -1.209428199999999960e-02 7.724097950236964716e-03 9.999695779163475517e-01 -1.086992482420140677e-03 -2.454585000000000013e-03 2.615699596203229990e-02 8.846078522206991031e-04 9.996574558473467764e-01 7.542560699999999452e-01
9.995936439775524596e-01 -8.998342854977374808e-03 -2.704767541846307688e-02 -1.291837900000000067e-02 9.048946692007132572e-03 9.999575277152551456e-01 1.749093868241579069e-03 -2.546759000000000002e-03 2.703078769557903938e-02 -1.993136086418777035e-03 9.996326144764873245e-01 7.863180039999999593e-01
9.995764076648283591e-01 -8.543039736533067710e-03 -2.782124569348012194e-02 -1.380143300000000010e-02 8.638398792100899018e-03 9.999572127912738084e-01 3.309177090416141540e-03 -2.542823999999999952e-03 2.779178486865496039e-02 -3.548106363558216174e-03 9.996074367645767511e-01 8.182754519999999587e-01
9.995683201005339802e-01 -7.719390875380471688e-03 -2.834756525540588212e-02 -1.506515699999999916e-02 7.782598121367217438e-03 9.999674677085339525e-01 2.120068645915430643e-03 -2.605289000000000216e-03 2.833027740559018043e-02 -2.339771162997557330e-03 9.995958787695290448e-01 8.495246770000000058e-01
9.995497529607855203e-01 -6.268461592945243598e-03 -2.934276308207162814e-02 -1.616116100000000028e-02 6.258515323303913240e-03 9.999803225059670231e-01 -4.307978762797439864e-04 -2.576987000000000201e-03 2.934488612996795365e-02 2.469617784342275279e-04 9.995693155894188608e-01 8.802509309999999587e-01
9.995322817312596309e-01 -6.299770222709277778e-03 -2.992541849737440432e-02 -1.735298000000000049e-02 6.233280140253504020e-03 9.999778941114667585e-01 -2.314628931231046700e-03 -2.493873000000000183e-03 2.993933859982638238e-02 2.127012820186095863e-03 9.995494544146715787e-01 9.104830029999999574e-01
9.995189361339205103e-01 -5.438621504841019069e-03 -3.053387800203146221e-02 -1.883983100000000133e-02 5.362314884924135674e-03 9.999822933738707897e-01 -2.580410395419611980e-03 -2.601881999999999806e-03 3.054737122553724885e-02 2.415436784713968256e-03 9.995304016268581337e-01 9.401893019999999490e-01
9.994815182673699727e-01 -5.572379533817997319e-03 -3.171187834682780149e-02 -1.997174900000000045e-02 5.467965825559653603e-03 9.999793438562811776e-01 -3.378344341805689793e-03 -2.560055999999999790e-03 3.173004871857953990e-02 3.203193264913170406e-03 9.994913424143423430e-01 9.701384899999999645e-01
9.994040935540309256e-01 -5.643323004851072237e-03 -3.405305702736100004e-02 -2.090437499999999935e-02 5.504020181227112403e-03 9.999761033704994695e-01 -4.183114843852175566e-03 -2.648398000000000158e-03 3.407584994230410114e-02 3.993193385641422358e-03 9.994112721283938683e-01 1.000342368999999954e+00
9.993319895363134142e-01 -5.654362232838874500e-03 -3.610544110149611907e-02 -2.200747100000000067e-02 5.510458343700157940e-03 9.999764779241420154e-01 -4.083925473175769802e-03 -2.905051000000000074e-03 3.612768382052888860e-02 3.882239839056058142e-03 9.993396413009923984e-01 1.029574752000000037e+00
9.992848073819439181e-01 -5.393238513285633466e-03 -3.742708529888577607e-02 -2.395311400000000104e-02 5.273483849047854409e-03 9.999806577073256930e-01 -3.297662705354824277e-03 -2.790195000000000088e-03 3.744414645475431513e-02 3.097933111490505393e-03 9.992939200789283660e-01 1.057769656000000058e+00
9.991925097013218959e-01 -5.437397586002155718e-03 -3.980908519754475933e-02 -2.470069600000000115e-02 5.407971407921696554e-03 9.999850182483182026e-01 -8.468318380130472308e-04 -2.994021999999999829e-03 3.981309334910741043e-02 6.308616349953991747e-04 9.992069453379378574e-01 1.086436390999999890e+00
9.991247062056963779e-01 -5.255492238955083648e-03 -4.149941265496636528e-02 -2.649098299999999920e-02 5.267552310730134330e-03 9.999861099212543625e-01 1.812655805490101849e-04 -2.419867000000000025e-03 4.149788358500492574e-02 -3.997072469358462963e-04 9.991385118651378017e-01 1.115513682000000006e+00
9.990510995574837239e-01 -3.914044057518172720e-03 -4.337719138093876214e-02 -2.828382700000000097e-02 3.933597009510273260e-03 9.999921966108680227e-01 3.654202209348415831e-04 -2.539295000000000007e-03 4.337542262099071400e-02 -5.357018638225076370e-04 9.990586998449908496e-01 1.143781303999999999e+00
9.989614315137945733e-01 4.582281577730348485e-04 -4.556147906802082009e-02 -2.907655899999999835e-02 -4.388228175598914843e-04 9.999998087056553020e-01 4.359164915691685137e-04 -3.800333999999999830e-03 4.556167010157841785e-02 -4.154703458215826110e-04 9.989614414990934943e-01 1.169218062999999974e+00
9.989011369269451546e-01 1.350104956122874641e-03 -4.684758118263895876e-02 -3.115503500000000106e-02 -1.388842062225474063e-03 9.999987200737693316e-01 -7.943352877875471197e-04 -3.321699999999999913e-03 4.684644878518209876e-02 8.585263133321444909e-04 9.989017334897295486e-01 1.196929216000000018e+00
9.988083079994406477e-01 1.646619827012367650e-03 -4.877758208890298208e-02 -3.216548300000000166e-02 -1.599764194523867113e-03 9.999982207539186430e-01 9.996216879129349656e-04 -3.680193999999999913e-03 4.877914129847202296e-02 -9.203978174225879412e-04 9.988091650771139252e-01 1.223338961999999919e+00
9.987582910463741470e-01 3.468314727281570156e-03 -4.969755385407471221e-02 -3.391095300000000062e-02 -3.375012790189023740e-03 9.999923814841125136e-01 1.961189026889742504e-03 -3.045646999999999851e-03 4.970397725325605837e-02 -1.791023921016690959e-03 9.987623875970310650e-01 1.249004841000000088e+00
9.987920092589757104e-01 5.530734839002911241e-03 -4.882553852809802530e-02 -3.618996599999999703e-02 -5.404459812747650777e-03 9.999817022810384426e-01 2.717888380507997408e-03 -3.226851000000000198e-03 4.883967705207048482e-02 -2.450729535698338568e-03 9.988036242776616724e-01 1.273943663000000059e+00
9.987541090090077400e-01 7.983442326884335888e-03 -4.925945986545415822e-02 -3.606951600000000285e-02 -7.950927001157886281e-03 9.999680245017052993e-01 8.559988196357036679e-04 -3.062800999999999978e-03 4.926471858688767635e-02 -4.632739689113269245e-04 9.987856491158573213e-01 1.300530790999999908e+00
9.988379358896254390e-01 9.944162983522970845e-03 -4.715815359309209753e-02 -3.780187699999999762e-02 -1.004220832418473500e-02 9.999478780667409028e-01 -1.842607336335505249e-03 -3.395860000000000111e-03 4.713737243129073606e-02 2.314038111046168387e-03 9.988857358816845000e-01 1.324991226000000077e+00
9.989140576633241952e-01 9.905247931011012044e-03 -4.552572312460453213e-02 -3.877044100000000271e-02 -1.009362401982995434e-02 9.999414144936727977e-01 -3.909774231229265311e-03 -3.298479999999999902e-03 4.548432869394975625e-02 4.365047974315365738e-03 9.989555156259174451e-01 1.349890947000000008e+00
9.990420105893649261e-01 1.137770004229933518e-02 -4.225646718913810690e-02 -4.002187799999999684e-02 -1.153017440390834841e-02 9.999278588350368757e-01 -3.366333880355999036e-03 -3.028605000000000186e-03 4.221511762123494188e-02 3.850333404529749162e-03 9.991011254006769704e-01 1.374232649999999945e+00
9.990925634765385199e-01 1.568371258057705067e-02 -3.959887328660598171e-02 -4.106403499999999873e-02 -1.570960072556066775e-02 9.998765378924993064e-01 -3.426618638028207397e-04 -3.205719000000000103e-03 3.958861011607114899e-02 9.644334084270588837e-04 9.992155982655988034e-01 1.398359775999999943e+00
9.991700895173660779e-01 2.025211852654506747e-02 -3.534096644187025710e-02 -4.211725699999999822e-02 -2.016277590704249403e-02 9.997925549566625270e-01 2.882623969805017065e-03 -3.491894000000000161e-03 3.539201437585908633e-02 -2.167659663249244754e-03 9.993711555623382425e-01 1.422181010000000079e+00
9.992070076595561678e-01 2.479463002885365364e-02 -3.115416771104589228e-02 -4.325710199999999866e-02 -2.468715516837265839e-02 9.996878899541936647e-01 3.829758298454047014e-03 -3.311736000000000020e-03 3.123940162244464441e-02 -3.057613557033525900e-03 9.995072539934902744e-01 1.444885253999999897e+00
9.992633196690126063e-01 2.849370113308938995e-02 -2.570849975791760639e-02 -4.388987999999999917e-02 -2.841176642138006775e-02 9.995900118085039310e-01 3.546804405647753858e-03 -2.964973000000000088e-03 2.579902116130783352e-02 -2.813767654438192878e-03 9.996631898888270751e-01 1.467597245999999966e+00
9.992836576493859813e-01 3.265911768690139133e-02 -1.911945571343117573e-02 -4.520514199999999677e-02 -3.255347709501390380e-02 9.994531034597661234e-01 5.810775651018082986e-03 -3.034310000000000132e-03 1.929877415508912675e-02 -5.184208382693028354e-03 9.998003207138691506e-01 1.488885164000000039e+00
9.991776054173785448e-01 3.838561468873033511e-02 -1.306359128884074933e-02 -4.527408599999999811e-02 -3.828959836388531879e-02 9.992383698742393072e-01 7.522421698188737349e-03 -3.547854999999999932e-03 1.334239444499735888e-02 -7.016035635696289338e-03 9.998863714214895060e-01 1.510451913000000035e+00
9.991438971810472358e-01 4.088206606761935619e-02 -6.334777021467734477e-03 -4.549302499999999944e-02 -4.083552257420227510e-02 9.991391392495324597e-01 7.310302031735137381e-03 -3.617569000000000166e-03 6.628183911202637814e-03 -7.045359731495688844e-03 9.999532139476792203e-01 1.530687928000000086e+00
9.990399136224079601e-01 4.379623923506525268e-02 1.067903645713271302e-03 -4.555055499999999952e-02 -4.380299355321667226e-02 9.990124450718324001e-01 7.445290281510011723e-03 -3.439473000000000183e-03 -7.407733178616200719e-04 -7.484919536242150978e-03 9.999717132171427325e-01 1.550132990000000044e+00
9.987775253362568550e-01 4.863384990172199551e-02 8.843275802526114407e-03 -4.588843900000000309e-02 -4.869446688499450004e-02 9.987907534504200102e-01 6.773456778363677079e-03 -3.593710999999999867e-03 -8.503162821500183724e-03 -7.195794999787149919e-03 9.999379564534751630e-01 1.568498372999999946e+00
9.984484062328140563e-01 5.316375417643774692e-02 1.656488252360639041e-02 -4.578982999999999665e-02 -5.323491469858468439e-02 9.985744606381805610e-01 3.884638747834986798e-03 -3.410399000000000156e-03 -1.633474665209091320e-02 -4.760441474702339741e-03 9.998552466476224865e-01 1.586487173999999944e+00
9.981679393887687990e-01 5.527748528428596403e-02 2.460008937025766687e-02 -4.555787099999999978e-02 -5.531886226125926759e-02 9.984682344506112806e-01 1.004127083030090673e-03 -3.614750999999999815e-03 -2.450690218079267305e-02 -2.363136416840553016e-03 9.996968677212989540e-01 1.602680445000000065e+00
9.979430855656753474e-01 5.553186672008510877e-02 3.202826486467577616e-02 -4.481919899999999707e-02 -5.558306906016009102e-02 9.984538139264391710e-01 7.098518161554155529e-04 -3.550602999999999832e-03 -3.193932381113594177e-02 -2.488620969558906233e-03 9.994867114475095571e-01 1.618512750000000056e+00
9.977000536772464567e-01 5.473971368662911702e-02 3.997707640542752516e-02 -4.401664400000000060e-02 -5.485081201439247905e-02 9.984931363984397290e-01 1.686708797841947544e-03 -3.378290999999999846e-03 -3.982450644742879797e-02 -3.875604560943905416e-03 9.991991735262324426e-01 1.633923054000000041e+00
9.972596951353892569e-01 5.630098508360135284e-02 4.799270295666457214e-02 -4.325050500000000159e-02 -5.648243493374247720e-02 9.984006310427653297e-01 2.431969852520500346e-03 -3.332397999999999871e-03 -4.777902261899136943e-02 -5.136050235747289389e-03 9.988447256633784521e-01 1.648268937999999961e+00
9.966300523119242527e-01 5.920226551486231642e-02 5.677702516545688610e-02 -4.251499100000000197e-02 -5.943445861314646667e-02 9.982293051370945136e-01 2.408214042736935186e-03 -3.370108000000000131e-03 -5.653391865149062084e-02 -5.774610239765145571e-03 9.983839791976258926e-01 1.661880255000000028e+00
9.957862339482649316e-01 6.397880706470950030e-02 6.569998878012082988e-02 -4.196232899999999960e-02 -6.423484039259928779e-02 9.979332050187982306e-01 1.789860510372360582e-03 -3.490406000000000151e-03 -6.544968723277920508e-02 -6.002546750003038070e-03 9.978378164179013687e-01 1.674085379000000096e+00
9.949003044882507307e-01 6.769384252860577433e-02 7.477250706575364059e-02 -4.129575199999999807e-02 -6.801522677684870843e-02 9.976827356933286595e-01 1.757221092986279917e-03 -3.547481999999999806e-03 -7.448028635605327685e-02 -6.833928825215983618e-03 9.971990695749430866e-01 1.685858368999999968e+00
9.941966595384094108e-01 6.705926211003157555e-02 8.411930532241794489e-02 -4.015444600000000336e-02 -6.750617404590644743e-02 9.977157826734835977e-01 2.476584325604454413e-03 -3.745623999999999915e-03 -8.376108063027763728e-02 -8.140784329297021810e-03 9.964526125221169206e-01 1.696227551000000000e+00
9.933353624563822093e-01 6.592639298400934655e-02 9.454400246322237911e-02 -3.871475199999999811e-02 -6.628004409076634906e-02 9.978008787148900938e-01 6.018231627207878270e-04 -3.781816999999999818e-03 -9.429641270469361902e-02 -6.864192881255801702e-03 9.955205017512773757e-01 1.706482886999999948e+00
9.922738141799336553e-01 6.444638036482888688e-02 1.060157618030370952e-01 -3.684084099999999917e-02 -6.440775727196307310e-02 9.979164615941840122e-01 -3.791633228496520732e-03 -4.001244999999999628e-03 -1.060392309289462376e-01 -3.065899087600650660e-03 9.943572204025987737e-01 1.715942620999999946e+00
9.906371812892573736e-01 6.533210570757022606e-02 1.198736460240105856e-01 -3.603436100000000086e-02 -6.479180079890481392e-02 9.978634198487883467e-01 -8.403444348348842324e-03 -3.689270000000000136e-03 -1.201665410857363364e-01 5.579350281433165248e-04 9.927535903294404385e-01 1.726785540999999924e+00
9.885423516748175210e-01 6.742995766608822494e-02 1.350452507657008416e-01 -3.418950400000000250e-02 -6.664956143889677609e-02 9.977233148406853269e-01 -1.029674624905462486e-02 -4.162260000000000092e-03 -1.354321044111188588e-01 1.178063013699515507e-03 9.907859290796935392e-01 1.735674619999999946e+00
9.861198477652468597e-01 6.884178175747190931e-02 1.510908830072253406e-01 -3.225549300000000313e-02 -6.783705773873396905e-02 9.976266262072449598e-01 -1.180035082960175646e-02 -4.051594000000000376e-03 -1.515446450416448321e-01 1.386999209305945710e-03 9.884494406859641868e-01 1.745466112999999986e+00
9.832995966658280018e-01 6.913676916803410122e-02 1.683508549007876332e-01 -3.046656799999999943e-02 -6.786474743325535131e-02 9.976058139312625750e-01 -1.330473849287081359e-02 -4.038162999999999996e-03 -1.688676382633468032e-01 1.657455745769613985e-03 9.856373438480353633e-01 1.755023003000000026e+00
9.801856100667396543e-01 6.836788360636401884e-02 1.859085858944658776e-01 -2.796010700000000140e-02 -6.687757945983140162e-02 9.976589479599958787e-01 -1.428330917358625052e-02 -4.361982000000000359e-03 -1.864498838392968094e-01 1.567177890661461577e-03 9.824632231130953075e-01 1.764222144999999964e+00
9.764793249128482788e-01 6.736363245267167066e-02 2.048176482643266350e-01 -2.484994800000000018e-02 -6.568181767666832205e-02 9.977277679094190832e-01 -1.500666415887212321e-02 -4.344258999999999621e-03 -2.053631584399620569e-01 1.200901856787807247e-03 9.786851030797870665e-01 1.772706509000000041e+00
9.718155375342746316e-01 6.838982179581769294e-02 2.256045063417506658e-01 -2.301273699999999839e-02 -6.656585578022373995e-02 9.976586484430217672e-01 -1.569101752881225248e-02 -4.987700999999999767e-03 -2.261493927721566211e-01 2.312176017088612631e-04 9.740926027268688170e-01 1.781098843000000098e+00
9.665014396986034706e-01 7.036677814185333946e-02 2.468268291625970168e-01 -2.028419100000000003e-02 -6.793340218979755651e-02 9.975206964016255506e-01 -1.837153007604961849e-02 -4.720140000000000273e-03 -2.475076158978666285e-01 9.883240112329924609e-04 9.688854438416354409e-01 1.792261480999999934e+00
9.603656100826041264e-01 7.138609052571942559e-02 2.694474365254220238e-01 -1.700354199999999996e-02 -6.837777082313981070e-02 9.974479008763771359e-01 -2.054666626406882052e-02 -4.926192000000000244e-03 -2.702265261367315929e-01 1.308096618238297273e-03 9.627958835886823996e-01 1.801408887000000014e+00
9.530082006768695324e-01 7.280497840493618811e-02 2.940659867480298617e-01 -1.378211399999999982e-02 -6.949636712071483036e-02 9.973461664921713377e-01 -2.169974977719716508e-02 -5.231384000000000381e-03 -2.948654343928065469e-01 2.435217175486281693e-04 9.555387570881228587e-01 1.810696721000000009e+00
9.445868870032779752e-01 7.540869697641355840e-02 3.194826150540527876e-01 -9.910311999999999247e-03 -7.197968222499270818e-02 9.971512610163175694e-01 -2.254524340868585552e-02 -5.565622999999999578e-03 -3.202725999024045866e-01 -1.700315819858657512e-03 9.473238995601594992e-01 1.819539905000000068e+00
9.347654617019782730e-01 7.735518784238409884e-02 3.467415558062760250e-01 -5.903873999999999928e-03 -7.365895027180641152e-02 9.969983070359985655e-01 -2.384816161066190959e-02 -5.895690999999999779e-03 -3.475455231389737443e-01 -3.248181217569499901e-03 9.376574847271442747e-01 1.829264283000000102e+00
9.237069645407377516e-01 7.815597529244146247e-02 3.750427804731395476e-01 -1.286365000000000034e-03 -7.411595654863457894e-02 9.969309405445359040e-01 -2.520961661485404334e-02 -6.338744999999999796e-03 -3.758620340548073369e-01 -4.510355980883729021e-03 9.266646578159266623e-01 1.837726474000000110e+00
9.110660277970888954e-01 7.634216213697893327e-02 4.051303090047514432e-01 3.761603999999999989e-03 -7.141048709262202976e-02 9.970734101630294166e-01 -2.729756544202755625e-02 -6.750375000000000299e-03 -4.060286139266894301e-01 -4.060668186214646050e-03 9.138513422032342737e-01 1.846675754000000058e+00
8.962929772300600728e-01 7.367140673577621257e-02 4.373001518381245956e-01 9.432464999999999253e-03 -6.722152821388835409e-02 9.972799209693071765e-01 -3.023285259518059334e-02 -7.041867999999999739e-03 -4.383379576453131921e-01 -2.298491032032192599e-03 8.988072940437851210e-01 1.855307102000000041e+00
8.790244965773712504e-01 7.322004652194949448e-02 4.711207480086422317e-01 1.515799800000000065e-02 -6.462833520623956218e-02 9.973157906713171483e-01 -3.441499623878362113e-02 -7.478750999999999628e-03 -4.723760289275578117e-01 -1.961248814079594172e-04 8.813971005339545917e-01 1.863532782000000054e+00
8.596143660135306952e-01 7.482847857039399975e-02 5.054343088255839334e-01 2.153286299999999931e-02 -6.340331574704129169e-02 9.971940666664820263e-01 -3.979966026795778156e-02 -7.723797000000000128e-03 -5.069942418760164937e-01 2.166148656938367972e-03 8.619467190636318499e-01 1.872365116999999968e+00
8.380881344304601521e-01 7.657160079975289246e-02 5.401343063330028560e-01 2.894920100000000079e-02 -6.262493133117327804e-02 9.970589570122272427e-01 -4.417639887378062291e-02 -8.196781999999999679e-03 -5.419284056982405229e-01 3.197841874267463858e-03 8.404185724415603742e-01 1.881200790000000067e+00
8.136005183793820761e-01 7.938194418431424038e-02 5.759797769282521962e-01 3.631918099999999899e-02 -6.323326348435526212e-02 9.968406588882608999e-01 -4.806511392201193167e-02 -8.625571000000000280e-03 -5.779755625300422306e-01 2.684720606748621646e-03 8.160496562056409608e-01 1.889872312999999915e+00
7.861788694342538575e-01 8.349131384362025454e-02 6.123332309843592114e-01 4.403629900000000097e-02 -6.607751633884002829e-02 9.965084476598077279e-01 -5.103602234824551609e-02 -9.189404999999999449e-03 -6.144563020179456547e-01 -3.380167250187290917e-04 7.889507834175240042e-01 1.898508786999999920e+00
7.565113739293777284e-01 8.760195424687761134e-02 6.480867524703871618e-01 5.324384599999999745e-02 -6.923014222532966611e-02 9.961469607946508154e-01 -5.383697527760078483e-02 -9.913626999999999509e-03 -6.503058730497101037e-01 -4.138853912417223002e-03 7.596612016980635040e-01 1.907667875000000013e+00
7.237411220657429256e-01 8.853843863042908102e-02 6.843681268994816769e-01 6.351840500000000000e-02 -6.857141432541104253e-02 9.960537840875209881e-01 -5.634554412145416358e-02 -1.077386699999999947e-02 -6.866562090074130875e-01 -6.148503054863776324e-03 7.269562892923838726e-01 1.916621922999999894e+00
6.872402679122746605e-01 8.662716667189433728e-02 7.212465238420667779e-01 7.425394700000000070e-02 -6.511881248936128574e-02 9.962134751944334843e-01 -5.760427155172685026e-02 -1.139628900000000042e-02 -7.235056008213346379e-01 -7.378742130574982017e-03 6.902790738134324533e-01 1.925445556999999974e+00
6.481132325155624097e-01 8.538808090784782978e-02 7.567417746345864726e-01 8.581993000000000260e-02 -6.190044589376440115e-02 9.963128536625408538e-01 -5.940565987309356921e-02 -1.202635799999999915e-02 -7.590240922634680087e-01 -8.341059026248768410e-03 6.510091044662424942e-01 1.933852673000000078e+00
6.059290931381237089e-01 8.476947627168268662e-02 7.909892982723822907e-01 9.943783300000000325e-02 -5.912444662887014063e-02 9.963552032357790855e-01 -6.148665542879495211e-02 -1.282413999999999950e-02 -7.933184946159019812e-01 -9.510251185646904915e-03 6.087325531156888569e-01 1.943088530999999897e+00
5.603362509842534367e-01 8.469401792605689427e-02 8.239236670714419342e-01 1.135728359999999965e-01 -5.526361687751761564e-02 9.963645052139761260e-01 -6.483598845798047017e-02 -1.348874700000000058e-02 -8.264195172444358528e-01 -9.203047171952437322e-03 5.629796492238632322e-01 1.950709342999999985e+00
5.119500612944470896e-01 8.370673866720820810e-02 8.549270826464158146e-01 1.292622089999999890e-01 -5.172115178002498204e-02 9.964389743589608939e-01 -6.659048608479825604e-02 -1.458951500000000082e-02 -8.574567378003158380e-01 -1.012680996966974431e-02 5.144564029348634993e-01 1.959284543999999961e+00
4.636303843930453805e-01 8.166846746162649551e-02 8.822568379389450488e-01 1.447720530000000116e-01 -4.954435916116496641e-02 9.965746124071735990e-01 -6.621478974369027215e-02 -1.575161500000000006e-02 -8.846424267142438680e-01 -1.301166122986901347e-02 4.660884825107488583e-01 1.965729355999999983e+00
4.141320605099640950e-01 7.934936010017533403e-02 9.067515180629498461e-01 1.621934180000000059e-01 -4.858784027765160329e-02 9.966997394712053815e-01 -6.502961721542452334e-02 -1.677666599999999911e-02 -9.089190603320654871e-01 -1.712624855956273312e-02 4.166207308516358676e-01 1.972712398000000089e+00
3.638196358546111897e-01 7.930731834273903325e-02 9.280870766387716575e-01 1.802219750000000065e-01 -5.218059802165642830e-02 9.965394684326687180e-01 -6.470141455977916622e-02 -1.795415599999999889e-02 -9.300066976945489117e-01 -2.488849359076491033e-02 3.666989298185393542e-01 1.979135274999999972e+00
3.151557556608078348e-01 7.940208160718675856e-02 9.457125139863120644e-01 1.984851360000000065e-01 -4.940130869485581666e-02 9.965154506895910203e-01 -6.720466677364614339e-02 -1.899211099999999902e-02 -9.477533225334007216e-01 -2.553949829904475152e-02 3.179801466342393468e-01 1.983924508000000086e+00
2.682020621356704382e-01 7.622470658391619636e-02 9.603423597719565885e-01 2.178630830000000129e-01 -3.864938724701113409e-02 9.969136125405340110e-01 -6.833354956983120343e-02 -2.028577000000000158e-02 -9.625870759217604045e-01 -1.878944484485604166e-02 2.703203248570436035e-01 1.987461090000000041e+00
2.239464865615449218e-01 7.045395126865305890e-02 9.720515479682000359e-01 2.386398319999999962e-01 -2.450155412073780695e-02 9.974754146891052775e-01 -6.665186371337220028e-02 -2.121074900000000096e-02 -9.742934080667938757e-01 -8.890322909301189014e-03 2.251073458511738679e-01 1.990931988000000041e+00
1.820538777308517153e-01 6.961850505898635466e-02 9.808209058520888091e-01 2.597163920000000181e-01 -1.527670439982335704e-02 9.975702761870024471e-01 -6.797180570551300538e-02 -2.246713300000000024e-02 -9.831698774402318763e-01 -2.609180242812661477e-03 1.826750784114242743e-01 1.993227242999999982e+00
1.437547479005187034e-01 7.105441666499194564e-02 9.870591888678488246e-01 2.815308570000000232e-01 -1.204855719526250549e-02 9.974707752571169150e-01 -7.004915972000422264e-02 -2.357336900000000027e-02 -9.895399965264519704e-01 -1.822739795991325240e-03 1.442472630383859755e-01 1.995313168000000026e+00
1.110056926117794635e-01 7.165073453005162130e-02 9.912335287151473606e-01 3.037925960000000258e-01 -2.912822192535816090e-03 9.974168478162797058e-01 -7.177149266325114074e-02 -2.519889200000000051e-02 -9.938155018285100839e-01 5.079757232438357473e-03 1.109276538641545962e-01 1.996895552000000018e+00
8.198283547869132659e-02 7.006449276020149108e-02 9.941678839819408919e-01 3.268861770000000000e-01 4.444966378911757721e-03 9.974901875478023872e-01 -7.066518251402478801e-02 -2.681020599999999962e-02 -9.966238292158001721e-01 1.021237485141257562e-02 8.146563962266584191e-02 1.997949718999999957e+00
5.689883596522482545e-02 6.837003432217461651e-02 9.960361744799167694e-01 3.509838579999999819e-01 1.165180047072338770e-02 9.975390024179258130e-01 -6.913880387192018750e-02 -2.817770799999999923e-02 -9.983119542565804805e-01 1.553953222700285575e-02 5.596217406939307804e-02 1.998636961000000101e+00
3.666773159430425366e-02 6.721168869211609220e-02 9.970647252625487456e-01 3.758665319999999754e-01 1.615055270513664210e-02 9.975655247390727842e-01 -6.783939489247345356e-02 -2.961505899999999913e-02 -9.991969961459282734e-01 1.859066311922260087e-02 3.549295898824034179e-02 1.999305963999999936e+00
2.114958641506307913e-02 6.928563500047757451e-02 9.973726463950433052e-01 4.008406400000000258e-01 1.875695002457735544e-02 9.973927054714807339e-01 -6.968477522425969850e-02 -3.078565000000000121e-02 -9.996003560524812093e-01 2.018147305973201286e-02 1.979485602099761987e-02 1.999098658999999945e+00
7.581799896894557064e-03 6.887017663356106989e-02 9.975968199031036709e-01 4.264706369999999858e-01 1.967466017276505580e-02 9.974221036618911018e-01 -6.900764358948978383e-02 -3.252372099999999849e-02 -9.997776873172402601e-01 2.015058056607639536e-02 6.207257481400496602e-03 1.999203443999999941e+00
-4.244032362109114408e-03 6.988454716376341080e-02 9.975460582133666154e-01 4.522620439999999742e-01 2.053985373917524213e-02 9.973506811725580956e-01 -6.978347349485862494e-02 -3.406134999999999718e-02 -9.997800271048040699e-01 2.019328681394077715e-02 -5.668206944640097333e-03 1.999037981000000075e+00
-1.287853369811422372e-02 7.263601043950994318e-02 9.972753648602865617e-01 4.790499209999999897e-01 2.549548302352554197e-02 9.970576734423710619e-01 -7.229091350289734708e-02 -3.570689300000000344e-02 -9.995919786168672161e-01 2.449501616896114162e-02 -1.469253101744805168e-02 1.998014331000000032e+00
-1.942379054429008156e-02 7.469244878758685147e-02 9.970174293637023011e-01 5.061452389999999690e-01 2.985182363926466853e-02 9.968043000809285736e-01 -7.409491187376068821e-02 -3.733798099999999925e-02 -9.993655912559235022e-01 2.832358441800469223e-02 -2.159142374681144450e-02 1.997008203999999898e+00
-2.410263276034046651e-02 7.386655367524837257e-02 9.969768278862664035e-01 5.342612270000000052e-01 2.997909536145692763e-02 9.968714435111878380e-01 -7.313397947075944705e-02 -3.900613599999999681e-02 -9.992598845822487919e-01 2.812574194687923052e-02 -2.624167876887306683e-02 1.996330141999999919e+00
-2.771904540242587853e-02 7.129673163268304692e-02 9.970699226134922544e-01 5.623298880000000555e-01 2.790776612434145432e-02 9.971195820903677731e-01 -7.052443265903965419e-02 -4.066567100000000046e-02 -9.992261061000795586e-01 2.587112425905633423e-02 -2.962893547944567274e-02 1.995709181000000054e+00
-3.059549519270427301e-02 6.448389022877544507e-02 9.974496195672624133e-01 5.916849370000000219e-01 2.580094910316407808e-02 9.976352291550590889e-01 -6.370447844624807510e-02 -4.233860600000000085e-02 -9.991987923828216100e-01 2.378607680336938812e-02 -3.218688942745273618e-02 1.995312691000000083e+00
-3.167071282714656322e-02 5.907943462981795485e-02 9.977507636443289085e-01 6.210742000000000207e-01 2.740939487247432554e-02 9.979274384969923917e-01 -5.821986402900901358e-02 -4.379825700000000016e-02 -9.991224604730618575e-01 2.550388007054194342e-02 -3.322440487957944999e-02 1.994228362999999948e+00
-3.211866118145509374e-02 5.614831024630623918e-02 9.979056863553766865e-01 6.508600709999999845e-01 2.981196906016712195e-02 9.980303955728466736e-01 -5.519579706338811897e-02 -4.563791700000000007e-02 -9.990393576354569261e-01 2.797671834207200725e-02 -3.372929181204142868e-02 1.993068695000000057e+00
-3.164893233994068439e-02 5.842689771682158667e-02 9.977898790351251712e-01 6.808260680000000065e-01 3.286403458711888853e-02 9.978110213565898334e-01 -5.738572026188878961e-02 -4.735355799999999699e-02 -9.989586079074539438e-01 3.097520431744023653e-02 -3.349979709034545117e-02 1.991816282000000049e+00
-3.080298728503771608e-02 6.603577406499490376e-02 9.973416929608202031e-01 7.109571700000000272e-01 3.374953167068237003e-02 9.973149228241001696e-01 -6.499164426577168363e-02 -4.880399299999999690e-02 -9.989555270813249566e-01 3.165787826112091696e-02 -3.294895533513375607e-02 1.990853428999999952e+00
-2.880296063584522614e-02 7.409790538505339752e-02 9.968349361234074557e-01 7.413682940000000388e-01 3.462947343426960728e-02 9.967240282292140208e-01 -7.308906293142855559e-02 -5.029476399999999875e-02 -9.989850794823089686e-01 3.241468753631263078e-02 -3.127457439595382471e-02 1.990479708000000070e+00
-2.643271943756436357e-02 7.480312810488273789e-02 9.968479339241567150e-01 7.727123500000000478e-01 3.524041097547627593e-02 9.966462595649445699e-01 -7.385354920032449755e-02 -5.193480100000000266e-02 -9.990292412023857871e-01 3.317718072606116314e-02 -2.898016393424540649e-02 1.989314795000000080e+00
-2.468269208262922551e-02 7.038092295546026500e-02 9.972147664347392748e-01 8.043403630000000026e-01 3.460960470107549147e-02 9.969808649558188351e-01 -6.950777060431904963e-02 -5.398324899999999704e-02 -9.990960614345296698e-01 3.279756996920520085e-02 -2.704402762396318494e-02 1.988935947000000093e+00
-2.175927541945473637e-02 6.389782557198300794e-02 9.977191998856157484e-01 8.362789149999999561e-01 3.438190300287399109e-02 9.974129999194554230e-01 -6.312837981109119256e-02 -5.612324900000000005e-02 -9.991718664369618752e-01 3.292985695147881281e-02 -2.389991301310245841e-02 1.988081455000000108e+00
-1.910416844907153466e-02 6.227296288810165587e-02 9.978762993683167881e-01 8.680320980000000297e-01 3.212317407691964860e-02 9.975814079119075251e-01 -6.163956745240946333e-02 -5.822095599999999732e-02 -9.993013221421722658e-01 3.087738139210208232e-02 -2.105836848555109331e-02 1.987687588000000005e+00
-1.571240281412229420e-02 6.762903476302116468e-02 9.975868052730192392e-01 8.992143870000000039e-01 3.942900663422135854e-02 9.969758416722690475e-01 -6.696659284829395431e-02 -6.015087999999999685e-02 -9.990988308639168203e-01 3.828165068139985361e-02 -1.833143168064044204e-02 1.986788272999999938e+00
-1.167712718411416037e-02 7.319920625862094687e-02 9.972489763864555989e-01 9.311311239999999767e-01 4.153525293748323854e-02 9.964917177560824735e-01 -7.265727222344202374e-02 -6.201676300000000253e-02 -9.990688001655065875e-01 4.057256026725374054e-02 -1.467650807292897319e-02 1.985939502999999995e+00
-1.006190336139042851e-02 7.359273632394611186e-02 9.972376182540951817e-01 9.621099229999999780e-01 3.502989232668628217e-02 9.967019122489153560e-01 -7.319975930927687113e-02 -6.407643100000000314e-02 -9.993356116662346356e-01 3.419659748731505855e-02 -1.260666395061571521e-02 1.986537336999999903e+00
-6.754365074153746533e-03 7.032765393369011520e-02 9.975010775155220832e-01 9.942901130000000309e-01 3.073103632685763795e-02 9.970672686801973494e-01 -7.008898011020335550e-02 -6.609547100000000286e-02 -9.995048684017110441e-01 3.018083528986972852e-02 -8.895798023974332835e-03 1.986721516000000021e+00
-2.200690452530347768e-03 6.633324522795014389e-02 9.977950979730563219e-01 1.026460885999999961e+00 3.460090957148988927e-02 9.972050903773125308e-01 -6.621770746863277213e-02 -6.853950799999999899e-02 -9.993987862802105049e-01 3.437889327922694083e-02 -4.489730341323827645e-03 1.986593365999999916e+00
1.416310225508855564e-03 6.757348822227624008e-02 9.977132943660812492e-01 1.058279871999999955e+00 3.919009105490980915e-02 9.969440720422823032e-01 -6.757702259540933343e-02 -7.055126100000000400e-02 -9.992307695564887071e-01 3.919618488101207776e-02 -1.236229072834937881e-03 1.986236214999999916e+00
4.000092726170467738e-03 7.230086449535794157e-02 9.973748464100175015e-01 1.090458632000000039e+00 3.904474354617383514e-02 9.966109803440998949e-01 -7.240208463149142015e-02 -7.262995799999999447e-02 -9.992294567613565492e-01 3.923186014957766310e-02 1.163567620908190214e-03 1.986765981000000014e+00
7.717321314047309935e-03 7.312143324616224294e-02 9.972931860550150462e-01 1.121985315999999955e+00 3.520988424882279949e-02 9.966845780404206545e-01 -7.334927366765872647e-02 -7.459011699999999745e-02 -9.993501423439735687e-01 3.568063755618208766e-02 5.117137936788140884e-03 1.987122535999999995e+00
1.168090202719392762e-02 7.270262714459584108e-02 9.972852573532332565e-01 1.154185771999999943e+00 3.456478005100278861e-02 9.967279029384887856e-01 -7.306684257492185308e-02 -7.672354600000000358e-02 -9.993341946055166458e-01 3.532443219807628043e-02 9.129730665611957008e-03 1.987473845000000017e+00
1.520443464697884654e-02 6.933560945623135074e-02 9.974775177558635741e-01 1.186292887000000018e+00 3.860395227438571941e-02 9.968083394985948198e-01 -6.987752982791507750e-02 -7.911984599999999368e-02 -9.991389092793169224e-01 3.956902282578095287e-02 1.247927869510612187e-02 1.987786650999999960e+00
1.895913465466413095e-02 6.992553754565627999e-02 9.973720320984027499e-01 1.218026637999999995e+00 4.309102342178070671e-02 9.965672765982875880e-01 -7.068823745104864387e-02 -8.119705300000000514e-02 -9.988912427855245468e-01 4.431796940771658838e-02 1.588089021329841533e-02 1.988000511999999942e+00
