9.999588332172866245e-01 -9.058782858774219737e-03 5.199267645145043111e-04 2.574459999999999878e-04 9.056148996908285065e-03 9.999471701428619408e-01 4.862415925053877389e-03 4.883299999999999815e-05 -5.639468668919214852e-04 -4.857507220787104368e-03 9.999880432222834070e-01 2.910381559999999923e-01
9.999389991917505549e-01 -1.102096726633795300e-02 7.322403394558478669e-04 -1.346336000000000060e-03 1.101980581753953838e-02 9.999380449031627371e-01 1.571698121229747223e-03 1.488329999999999894e-04 -7.495166069813466794e-04 -1.563533100021455074e-03 9.999984967934206770e-01 3.531094189999999799e-01
9.999254786377376192e-01 -1.212876299562437761e-02 -1.389344913059282734e-03 1.970799999999999833e-05 1.212646865246135540e-02 9.999251135007098945e-01 -1.648074213575636150e-03 3.519059999999999745e-04 1.409229971418096044e-03 1.631103549304460925e-03 9.999976767833509417e-01 4.039319160000000020e-01
9.999256794169982809e-01 -1.179576713291176707e-02 -3.081480196333751930e-03 1.103094999999999900e-03 1.178882198901648817e-02 9.999279501099274103e-01 -2.262358298279114419e-03 3.330259999999999926e-04 3.107944427682056508e-03 2.225863136994169714e-03 9.999926930806694036e-01 4.607879220000000164e-01
9.999373679856427000e-01 -1.096446146884938466e-02 -2.245148245300113751e-03 -1.488284000000000091e-03 1.096359875746000939e-02 9.999398194515515259e-01 -3.962038414982746275e-04 9.038100000000000083e-05 2.249357292801281490e-03 3.715641219410996962e-04 9.999974011625593073e-01 5.195335749999999697e-01
9.999413934458125652e-01 -1.052989903272407227e-02 -2.516127979096023821e-03 -1.904752999999999915e-03 1.053691912722305724e-02 9.999405837411978748e-01 2.793263793282993804e-03 -2.109059999999999895e-04 2.486565694469805056e-03 -2.819612326746611525e-03 9.999929333637183060e-01 5.764239429999999942e-01
9.999300616141915121e-01 -1.100326952549205567e-02 -4.335889757425024499e-03 -1.931133999999999932e-03 1.101968464144824356e-02 9.999321354774275417e-01 3.780342571039520694e-03 6.701720000000000203e-04 4.293999376128870837e-03 -3.827858317749208410e-03 9.999834543981500623e-01 6.287817959999999484e-01
9.999030625420302076e-01 -1.253511608343994832e-02 -6.061054680802241586e-03 -1.134901000000000009e-03 1.256412538690930211e-02 9.999096811695364906e-01 4.772028572638820250e-03 5.122959999999999754e-04 6.000689321320575205e-03 -4.847717835306142482e-03 9.999702452370562433e-01 6.854789850000000406e-01
9.999117167708982956e-01 -1.234050825801708343e-02 -4.926511971855220169e-03 -2.583615000000000043e-03 1.236802373125308815e-02 9.999078634146006950e-01 5.594342734543102970e-03 -1.793599999999999904e-04 4.857021027150396943e-03 -5.654780064882003292e-03 9.999722160186050868e-01 7.412191030000000458e-01
9.999202900491078738e-01 -1.183184538183037517e-02 -4.406924434168509735e-03 -3.811409999999999885e-03 1.185358412348467595e-02 9.999175418358632328e-01 4.939845377349874438e-03 -9.395350000000000229e-04 4.348113560555226173e-03 -4.991689472023687173e-03 9.999780882322769626e-01 7.965075969999999561e-01
9.999048206683848194e-01 -1.218198788359951823e-02 -6.476787423481599956e-03 -4.328366999999999631e-03 1.219983886671166876e-02 9.999218693182274631e-01 2.723819151102022974e-03 -6.180629999999999675e-04 6.443099855768666742e-03 -2.802575662756200472e-03 9.999753157122944769e-01 8.510780930000000355e-01
9.998969924632576944e-01 -1.365363069799620938e-02 -4.425249337011725841e-03 -9.158859000000000097e-03 1.365307788132838485e-02 9.999067803576904279e-01 -1.551099084286000661e-04 1.457979000000000089e-03 4.426954630258683222e-03 9.467565709649063360e-05 9.999901965065565168e-01 9.048256869999999896e-01
9.998512450239150917e-01 -1.314638885377846823e-02 -1.116513700014564944e-02 -5.205699000000000264e-03 1.313280488831650682e-02 9.999129300492041184e-01 -1.289091222814383502e-03 1.815998999999999999e-03 1.118111174669952912e-02 1.142269898306126326e-03 9.999368369850103466e-01 9.618618490000000465e-01
9.998516364348538632e-01 -1.166335651772732081e-02 -1.267561569649520992e-02 -6.405530000000000425e-03 1.164612527052808801e-02 9.999311556736401041e-01 -1.432368444790320730e-03 7.503199999999999583e-04 1.269144927610772050e-02 1.284534125218793170e-03 9.999186352335639461e-01 1.016257404999999947e+00
9.998842257544064971e-01 -8.937961085998894981e-03 -1.231454177532533348e-02 -7.815360999999999836e-03 8.933476393023163584e-03 9.999600078611081688e-01 -4.191395326493312307e-04 -3.376429999999999926e-04 1.231779554329268805e-02 3.090793388453739327e-04 9.999240853099378157e-01 1.070220350999999903e+00
9.998315633114038814e-01 -1.039142376144867874e-02 -1.512822919195080940e-02 -9.086993999999999280e-03 1.038310043573988095e-02 9.999458965633061247e-01 -6.286267153446421048e-04 7.805870000000000126e-04 1.513394302934734439e-02 4.714429084274291771e-04 9.998853641842990747e-01 1.125443458999999979e+00
9.998181537004098285e-01 -1.065064157837886105e-02 -1.581845014761380785e-02 -1.086556500000000064e-02 1.065129825456816864e-02 9.999432724004979622e-01 -4.273728765517555237e-05 1.326399999999999932e-03 1.581800798444193967e-02 -1.257575144096916237e-04 9.998748795766656539e-01 1.180217980999999972e+00
9.997973383852483131e-01 -1.018910043713644985e-02 -1.736272991367667981e-02 -1.207279099999999938e-02 1.019460616833374293e-02 9.999480075178337479e-01 2.286179933665343986e-04 1.410671000000000060e-03 1.735949777055513857e-02 -4.055778547519185056e-04 9.998492303061286002e-01 1.234461427000000056e+00
9.997806554860545480e-01 -1.008863790624481283e-02 -1.835375441352001674e-02 -1.338667099999999929e-02 1.009836157583648281e-02 9.999489146754622082e-01 4.371874299379465865e-04 8.377849999999999620e-04 1.834840618034151022e-02 -6.224343836154535821e-04 9.998314600801874175e-01 1.288118362000000072e+00
9.996908921626252997e-01 -1.145389808188327155e-02 -2.206645295066529330e-02 -1.267907300000000077e-02 1.145126685816677189e-02 9.999344019321531052e-01 -2.456011611316378943e-04 1.367422999999999989e-03 2.206781852465588764e-02 -7.163597463385960851e-06 9.997564760151572694e-01 1.340183735000000098e+00
9.996590071764428487e-01 -1.179019728326599452e-02 -2.329936949855347661e-02 -1.378641700000000046e-02 1.179972207806352126e-02 9.999303440363299655e-01 2.713563473447630275e-04 1.318128000000000008e-03 2.329454721364888903e-02 -5.461899014547330015e-04 9.997284960161446632e-01 1.393562316999999995e+00
9.996105915934291319e-01 -1.233203714724687670e-02 -2.503170058213013971e-02 -1.480994000000000060e-02 1.238009968993852676e-02 9.999218041334363427e-01 1.765998358137358922e-03 1.681301999999999970e-03 2.500796484925703334e-02 -2.075205612146173266e-03 9.996850980262562691e-01 1.446885586000000057e+00
9.996043478068049604e-01 -1.263246807616616452e-02 -2.513102855110847453e-02 -1.675841200000000031e-02 1.276678731629165772e-02 9.999050242086500173e-01 5.191503050130073793e-03 1.440197999999999956e-03 2.506306021523630953e-02 -5.510291517113966725e-03 9.996706856260434426e-01 1.496791720000000048e+00
9.995789762688312985e-01 -1.256436623116621160e-02 -2.615352562398333761e-02 -1.788168199999999944e-02 1.274353146934712605e-02 9.998963833153391434e-01 6.695150378753913188e-03 1.740294000000000086e-03 2.606669536103459542e-02 -7.025619838384323211e-03 9.996355176057128977e-01 1.547752022999999921e+00
9.995659200440817349e-01 -1.220873207789227415e-02 -2.681265274975161081e-02 -1.950374599999999889e-02 1.236461545474857281e-02 9.999075603149387703e-01 5.655714780941854640e-03 1.600567000000000005e-03 2.674112509010627067e-02 -5.984787889091442055e-03 9.996244767625680483e-01 1.598526000999999974e+00
9.995892380394659771e-01 -9.746820092148392872e-03 -2.695096832715213747e-02 -2.168936800000000054e-02 9.824783507484481648e-03 9.999479214650218717e-01 2.761881028105216389e-03 1.961902000000000177e-03 2.692264520270856026e-02 -3.025533981570691002e-03 9.996329412936607595e-01 1.648355722000000023e+00
9.995525131194479274e-01 -1.102826921877805670e-02 -2.780558926967785505e-02 -2.341977300000000137e-02 1.106775655837064117e-02 9.999379482999346536e-01 1.266615364551083997e-03 1.950874999999999918e-03 2.778989531035544469e-02 -1.573794063791579328e-03 9.996125473856779520e-01 1.695224762000000052e+00
9.995468631616514221e-01 -8.855336294117971407e-03 -2.876893051228903916e-02 -2.540833099999999928e-02 8.875495825612891160e-03 9.999604477731378616e-01 5.731170868770055302e-04 2.352818000000000010e-03 2.876271749248263468e-02 -8.281959090814230897e-04 9.995859243576731279e-01 1.743815303000000094e+00
9.995066993600396632e-01 -9.487587186247285406e-03 -2.993899837640999831e-02 -2.700951000000000046e-02 9.502980905583524249e-03 9.999547764916003612e-01 3.719214187728280387e-04 2.106989999999999991e-03 2.993411579297840588e-02 -6.562476796022528305e-04 9.995516585202965931e-01 1.791257620000000106e+00
9.994433211775148873e-01 -9.721175697933051932e-03 -3.191467525620063361e-02 -2.883674799999999885e-02 9.697642540710997919e-03 9.999525788313387009e-01 -8.920861550865429425e-04 2.139856999999999784e-03 3.192183395125382239e-02 5.820924371786661894e-04 9.994901988942078708e-01 1.838396549000000046e+00
9.993731580594399366e-01 -9.785112687790045727e-03 -3.402267655533273288e-02 -3.028703300000000140e-02 9.778648142340168326e-03 9.999521243630884459e-01 -3.564018164641966037e-04 1.724337000000000049e-03 3.402453512995944757e-02 2.348262596270025591e-05 9.994209976069926560e-01 1.886016606999999956e+00
9.993290458396719700e-01 -9.374267231475772941e-03 -3.540594943005692663e-02 -3.250839199999999707e-02 9.420755232760069306e-03 9.999549665587751379e-01 1.146396651783631020e-03 1.470953000000000104e-03 3.539360834974716874e-02 -1.479178255544777876e-03 9.993723552908960750e-01 1.931703925000000099e+00
9.992253974214423407e-01 -1.003239071924284104e-02 -3.805202076653678434e-02 -3.404925000000000312e-02 1.015129922592088868e-02 9.999441728526761164e-01 2.932968121755542053e-03 1.903425000000000039e-03 3.802047174860294365e-02 -3.316973686037673254e-03 9.992714553181131221e-01 1.978579402000000043e+00
9.991526452042628348e-01 -9.532168479017411392e-03 -4.003909770976523536e-02 -3.634282199999999685e-02 9.725254412452552163e-03 9.999419875968501570e-01 4.630428433067924204e-03 1.672658999999999951e-03 3.999263692153310484e-02 -5.015895229001358924e-03 9.991873847217618287e-01 2.024743795000000013e+00
9.991039137985792129e-01 -7.950314503086404125e-03 -4.157116707121832899e-02 -3.861039100000000085e-02 8.151437969749717252e-03 9.999558679444117137e-01 4.670783934591829674e-03 1.972687999999999785e-03 4.153219824890630463e-02 -5.005463299269361822e-03 9.991246277846288493e-01 2.068094969000000116e+00
9.990349403462145395e-01 -5.447137916002538910e-03 -4.358344474636670351e-02 -4.113040899999999972e-02 5.615086727680854845e-03 9.999772712037516831e-01 3.732007092585627392e-03 2.165511000000000172e-03 4.356212538979445381e-02 -3.973130305254867455e-03 9.990428196364264934e-01 2.111826181000000080e+00
9.989753733465196461e-01 -3.799134699592452563e-03 -4.509733941948335795e-02 -4.383216399999999985e-02 3.944586874283229072e-03 9.999873004631464335e-01 3.136741433407759516e-03 2.274539999999999808e-03 4.508484980093609845e-02 -3.311417817669203706e-03 9.989776728388196636e-01 2.154279231999999933e+00
9.988890076896288495e-01 -3.148359773998758628e-03 -4.701955069502682105e-02 -4.543362199999999990e-02 3.364928754355456676e-03 9.999840894065418206e-01 4.527492490067592558e-03 1.726623000000000047e-03 4.700454841083831492e-02 -4.680679918876434233e-03 9.988837087790501945e-01 2.198782443999999892e+00
9.988533195463629166e-01 -1.311561421001986244e-03 -4.785734883850491228e-02 -4.777497399999999783e-02 1.636899916654818926e-03 9.999758143596726434e-01 6.759530632552822327e-03 1.377285999999999918e-03 4.784732583827713825e-02 -6.830117301225782298e-03 9.988313085340172481e-01 2.239385604999999835e+00
9.988434922321823839e-01 1.581916648634057974e-03 -4.805388189454646436e-02 -5.069337799999999727e-02 -1.261217000376543221e-03 9.999767370191049443e-01 6.703338892068482109e-03 2.201890000000000184e-03 4.806336814140482055e-02 -6.634980055790002350e-03 9.988222512952757981e-01 2.283249855000000217e+00
9.988953594976114347e-01 4.203144114178185807e-03 -4.680164904886389976e-02 -5.309394399999999709e-02 -3.972155936311461306e-03 9.999794734996747536e-01 5.027380682913384392e-03 1.813865000000000009e-03 4.682181918032660151e-02 -4.835923786491501918e-03 9.988915512155341903e-01 2.323127507999999786e+00
9.989841871099428561e-01 5.594744088231609104e-03 -4.471345147574649209e-02 -5.527639399999999953e-02 -5.511436609734180446e-03 9.999828393818893657e-01 1.986204478752385053e-03 1.900758999999999912e-03 4.472379647104682970e-02 -1.737751513229577162e-03 9.989978790011992960e-01 2.362197161000000101e+00
9.990368954294188697e-01 5.999542154588595466e-03 -4.346592993004545075e-02 -5.653117199999999759e-02 -6.030966541070112777e-03 9.999816383988073820e-01 -5.918680742037457469e-04 2.923928000000000117e-03 4.346158088851346385e-02 8.534396124409012688e-04 9.990547345503644205e-01 2.402652025000000080e+00
9.991745248068135687e-01 7.473687092836157723e-03 -3.993010115585415160e-02 -5.878529300000000235e-02 -7.453870763989859684e-03 9.999720114167903739e-01 6.451307559067608489e-04 2.692383000000000016e-03 3.993380507429899334e-02 -3.469644028626193023e-04 9.992022672252055537e-01 2.441143990000000041e+00
9.992370333130937698e-01 1.217067876299920103e-02 -3.711099343988203542e-02 -6.024178100000000119e-02 -1.205966141799870613e-02 9.999221147146001298e-01 3.213887235922201820e-03 2.997759000000000014e-03 3.714721822869541251e-02 -2.763889131255171504e-03 9.993059817166810577e-01 2.479686974999999904e+00
9.993302314157753719e-01 1.584713973459187658e-02 -3.298418925372153393e-02 -6.187504199999999815e-02 -1.561992277796463678e-02 9.998525440771863781e-01 7.134992276697057351e-03 2.268341000000000107e-03 3.309239475927091417e-02 -6.615002993984538809e-03 9.994304053532122589e-01 2.517241954999999809e+00
9.993548625943606822e-01 2.173732943724863281e-02 -2.858928327088781571e-02 -6.392489399999999600e-02 -2.151670380530906757e-02 9.997364630893846860e-01 8.002238866843914417e-03 2.447571999999999855e-03 2.875569624198203930e-02 -7.381929183076281313e-03 9.995592113802839185e-01 2.554290533000000085e+00
9.994204627379715822e-01 2.460561702801344203e-02 -2.352237809596617948e-02 -6.449033299999999691e-02 -2.442570098161953723e-02 9.996703880361847983e-01 7.905720406148820933e-03 3.109264999999999946e-03 2.370914996737261485e-02 -7.326588172841612748e-03 9.996920512405659265e-01 2.590799808999999954e+00
9.994150227201161751e-01 2.925732499605309539e-02 -1.770935615500899771e-02 -6.576379400000000042e-02 -2.907912112896741952e-02 9.995246813307404610e-01 1.023797465559536310e-02 3.009556000000000037e-03 1.800047431920806171e-02 -9.717013160282280543e-03 9.997907593989486807e-01 2.625306129000000155e+00
9.993465835652985962e-01 3.440898201340725909e-02 -1.106471297263287440e-02 -6.650440400000000307e-02 -3.428134976983304022e-02 9.993457677501111913e-01 1.152499622122775055e-02 3.090429999999999913e-03 1.145403746825122623e-02 -1.113815230376929283e-02 9.998723651491394637e-01 2.658020495999999788e+00
9.992947116567727495e-01 3.734181585649171825e-02 -3.958287931326790431e-03 -6.694086600000000165e-02 -3.729550010139699029e-02 9.992416078295724979e-01 1.119173151739810690e-02 3.185724000000000021e-03 4.373205574189349513e-03 -1.103621179167419905e-02 9.999295360685647172e-01 2.690416098000000034e+00
9.991573256835433181e-01 4.088957776978637687e-02 3.561033939498599050e-03 -6.754048899999999522e-02 -4.092752782650441873e-02 9.990978686595963776e-01 1.133076810558424422e-02 3.155275999999999827e-03 -3.094511095532834124e-03 -1.146696427396589821e-02 9.999294638780373834e-01 2.722244977999999982e+00
9.989341550674434300e-01 4.484134329250615003e-02 1.094567363922629988e-02 -6.733628399999999625e-02 -4.495977028160640099e-02 9.989301535762562523e-01 1.082438600301902608e-02 3.458244999999999982e-03 -1.044858344073593126e-02 -1.130496385844672290e-02 9.998815054276387615e-01 2.752487658999999809e+00
9.986062261361114967e-01 4.929731317502712706e-02 1.885152608986003994e-02 -6.744673099999999588e-02 -4.945674165245174392e-02 9.987435325874607361e-01 8.086211711448888784e-03 3.451002999999999796e-03 -1.842921125051262890e-02 -9.007276416488262105e-03 9.997895944368699883e-01 2.779936313999999964e+00
9.983020644090045970e-01 5.179034638226037018e-02 2.665986155862595103e-02 -6.681131599999999560e-02 -5.194782348354826801e-02 9.986360101232639730e-01 5.248134945892835197e-03 3.237073999999999941e-03 -2.635169505063616330e-02 -6.624145733125191317e-03 9.996307862712435766e-01 2.806908131000000139e+00
9.980332475001769676e-01 5.207104049324030176e-02 3.490334691977034498e-02 -6.636828899999999698e-02 -5.226850852994684854e-02 9.986216819680325818e-01 4.768576243733109281e-03 3.668799999999999839e-03 -3.460693428065228505e-02 -6.583543520684861407e-03 9.993793159028286910e-01 2.832608460999999966e+00
9.978105567577082446e-01 5.083552735996201694e-02 4.230652409388890173e-02 -6.431498400000000559e-02 -5.113994018895445109e-02 9.986725989569295026e-01 6.143826989906580119e-03 3.695003999999999997e-03 -4.193804168463772380e-02 -8.293928541185758424e-03 9.990857878125437574e-01 2.856551886000000096e+00
9.973032387465731174e-01 5.290419573986854251e-02 5.086645317607053907e-02 -6.378562699999999752e-02 -5.331875355570965536e-02 9.985542070620648802e-01 6.826864427855620053e-03 3.765399000000000003e-03 -5.043174104530995239e-02 -9.520589885532129704e-03 9.986821305417306061e-01 2.880125045999999855e+00
9.966634111301797549e-01 5.571137590713395871e-02 5.965138312636487222e-02 -6.242032699999999767e-02 -5.622299685199774744e-02 9.983941731298502376e-01 6.931788033619117398e-03 3.940530000000000248e-03 -5.916941388364942850e-02 -1.026243903254911265e-02 9.981952027563389951e-01 2.901053429000000072e+00
9.958186071858806665e-01 6.069669972275992809e-02 6.827307101000980316e-02 -6.124993799999999683e-02 -6.127256670504580005e-02 9.981007403556152457e-01 6.370609935354274236e-03 3.822755000000000163e-03 -6.775672772314524084e-02 -1.052723821036818073e-02 9.976463316746640997e-01 2.920823336000000214e+00
9.949212402730077676e-01 6.441585118853572489e-02 7.734548318600226180e-02 -5.983799299999999904e-02 -6.511139035008343956e-02 9.978568180831561829e-01 6.502111321552061542e-03 3.709744999999999970e-03 -7.676087870978809402e-02 -1.150516060797135420e-02 9.969831486936405751e-01 2.939319133999999778e+00
9.941893442459383001e-01 6.363833125981514793e-02 8.681998953177354206e-02 -5.824454500000000173e-02 -6.450600858335904519e-02 9.978911816661555356e-01 7.222493306843092570e-03 3.606536999999999937e-03 -8.617727452452207670e-02 -1.278093687449474020e-02 9.961978342719558510e-01 2.955883502999999912e+00
9.932712711865718802e-01 6.286784493518025874e-02 9.726158495838796436e-02 -5.569253100000000345e-02 -6.368809862945605527e-02 9.979555175360635966e-01 5.348935622356499643e-03 3.563056000000000209e-03 -9.672645929825129940e-02 -1.150734950080021038e-02 9.952444789995521512e-01 2.972190619000000034e+00
9.920836201960001599e-01 6.166354007695396683e-02 1.093969760275677605e-01 -5.387382999999999755e-02 -6.218888332428438442e-02 9.980634252651205962e-01 1.393534690452355972e-03 3.079717999999999952e-03 -1.090991903254872331e-01 -8.185778718780633428e-03 9.939971628214490096e-01 2.988199711000000036e+00
9.905750078078815468e-01 6.234941418262208296e-02 1.219577978544186952e-01 -5.038181299999999752e-02 -6.245362093202534021e-02 9.980434429126489038e-01 -2.971748903436592214e-03 3.036524999999999988e-03 -1.219044672638960186e-01 -4.672965883679670515e-03 9.925308379344974785e-01 3.003260612000000052e+00
9.883693067475235461e-01 6.386322993431862993e-02 1.380130477229461472e-01 -4.909746300000000091e-02 -6.371473315628960188e-02 9.979530065017763185e-01 -5.498144495043748130e-03 3.496313000000000025e-03 -1.380816651776863302e-01 -3.359267244789674624e-03 9.904151498565313405e-01 3.020778894000000214e+00
9.857848983841375201e-01 6.662090493223299381e-02 1.542393890800470013e-01 -4.599689700000000186e-02 -6.641231844310307997e-02 9.977710256712424286e-01 -6.510321802234190873e-03 2.921964999999999892e-03 -1.543293169711692225e-01 -3.825618507790289231e-03 9.880120579052895646e-01 3.036339760000000165e+00
9.829838948986009406e-01 6.662521929181949853e-02 1.711833593673555698e-01 -4.286648700000000173e-02 -6.626111739757845065e-02 9.977714678895157618e-01 -7.846157456065462610e-03 3.024242999999999810e-03 -1.713246237153333573e-01 -3.630154255401276970e-03 9.852079452018651651e-01 3.051360606999999892e+00
9.797279892509098698e-01 6.516951890985812901e-02 1.894360073571723369e-01 -3.945343899999999987e-02 -6.452841058165302568e-02 9.978701065277911786e-01 -9.556920320916172107e-03 3.455436000000000098e-03 -1.896553487412749595e-01 -2.860822132250299098e-03 9.818465584756882469e-01 3.066817283999999866e+00
9.758612034621381159e-01 6.471685309710881184e-02 2.085824549252279225e-01 -3.528560699999999661e-02 -6.419880097993799217e-02 9.978941669092514788e-01 -9.259892074391432720e-03 2.376282999999999868e-03 -2.087424861645702512e-01 -4.354374088006453952e-03 9.779609470199389643e-01 3.080363511999999915e+00
9.712859811239170638e-01 6.514441572138741920e-02 2.288225250548313050e-01 -3.128466800000000159e-02 -6.451105820136936175e-02 9.978642974314919645e-01 -1.025511000888505025e-02 1.931559000000000010e-03 -2.290018913500265763e-01 -4.800938645082904882e-03 9.734141383533715386e-01 3.094909668000000114e+00
9.660690228394899215e-01 6.691108738928192023e-02 2.494665298077820836e-01 -2.623172099999999951e-02 -6.579823556270433804e-02 9.977507552290588722e-01 -1.280713225814704426e-02 2.015416999999999816e-03 -2.497623576658180300e-01 -4.041883747298624478e-03 9.682987286312966235e-01 3.109816551000000207e+00
9.598037148655622630e-01 6.806582310785579126e-02 2.722937249642682356e-01 -2.107895900000000128e-02 -6.644110165457291217e-02 9.976746631662731790e-01 -1.519363310700064251e-02 2.029536000000000187e-03 -2.726947174794429052e-01 -3.508589561849653933e-03 9.620942162065486691e-01 3.124806165999999941e+00
9.523992524410388461e-01 6.926655687226591918e-02 2.968801240379884687e-01 -1.549817199999999930e-02 -6.746239060219492989e-02 9.975881527170409324e-01 -1.633105669693609915e-02 1.735921999999999986e-03 -2.972952905849454153e-01 -4.474556700144692416e-03 9.547750984071327052e-01 3.139301777000000016e+00
9.438489641125463736e-01 7.209489427975464271e-02 3.224150417745178521e-01 -9.314924000000000467e-03 -7.033777869054975984e-02 9.973764284344983633e-01 -1.711306203235456180e-02 1.094703000000000039e-03 -3.228029272366537139e-01 -6.525811982808788630e-03 9.464437035267404541e-01 3.153461217999999899e+00
9.339761821384660045e-01 7.415264244811357874e-02 3.495566861268959435e-01 -3.046088000000000181e-03 -7.231096770388879824e-02 9.972135844180920472e-01 -1.833551203942309499e-02 6.925839999999999948e-04 -3.499423025982743019e-01 -8.151850709066104858e-03 9.367357856846481035e-01 3.168397426999999933e+00
9.227845951078587072e-01 7.485302255452869202e-02 3.779756818183895861e-01 4.158183999999999665e-03 -7.281743146840005676e-02 9.971507680645820271e-01 -1.969688865173905082e-02 1.837759999999999969e-04 -3.783731130854438574e-01 -9.347232888152767066e-03 9.256059726100327456e-01 3.182706833000000124e+00
9.102394148345337443e-01 7.298391560283196133e-02 4.075997494417337164e-01 1.286823999999999954e-02 -7.013047420022752720e-02 9.972960732561572117e-01 -2.196039289950342185e-02 -2.998559999999999832e-04 -4.081003850404170130e-01 -8.595948529862267734e-03 9.128965907476789265e-01 3.196757078000000085e+00
8.952193216532826625e-01 7.012924652668643677e-02 4.400730108973233690e-01 2.185308899999999915e-02 -6.603343173783236819e-02 9.975133012786326914e-01 -2.463330398320359715e-02 -8.290220000000000054e-04 -4.407061969516215538e-01 -7.007321442828137389e-03 8.976240557241296214e-01 3.211187840000000016e+00
8.780699497921886643e-01 6.965863037796875268e-02 4.734351470748752733e-01 3.094312499999999841e-02 -6.346017988794962206e-02 9.975606818517508412e-01 -2.907733811852636005e-02 -1.224421000000000060e-03 -4.743057756769701316e-01 -4.512342776824534302e-03 8.803486070427624099e-01 3.223420382000000028e+00
8.584618822574427988e-01 7.206490989232974820e-02 5.077891742379101458e-01 4.116746799999999873e-02 -6.342785798596803359e-02 9.973961631996791644e-01 -3.431909768439356245e-02 -1.541435999999999978e-03 -5.089401767814367705e-01 -2.746342434852604153e-03 8.607975104871704586e-01 3.237366676000000165e+00
8.368000571798110965e-01 7.331268158071158059e-02 5.425780266683399855e-01 5.280652599999999947e-02 -6.215999123017097033e-02 9.973083005887880548e-01 -3.888816101294206157e-02 -2.100102999999999866e-03 -5.439685650790215821e-01 -1.185030020139872520e-03 8.391047586027156058e-01 3.251796484000000209e+00
8.120145089615030676e-01 7.634624683040085180e-02 5.786222324029043351e-01 6.351545499999999844e-02 -6.347153789386565659e-02 9.970788797576088935e-01 -4.248613207505889944e-02 -2.925194999999999792e-03 -5.801756640134060339e-01 -2.226687275591558018e-03 8.144883306410105606e-01 3.264487504999999956e+00
7.845976536414968061e-01 8.052984119991066225e-02 6.147531753285825351e-01 7.662287399999999360e-02 -6.646486404968035555e-02 9.967397995189276605e-01 -4.574050613871202819e-02 -3.545009000000000007e-03 -6.164324324263895649e-01 -4.971592429515617889e-03 7.873921129409409136e-01 3.278679132000000163e+00
7.546190333249402915e-01 8.440088710245587100e-02 6.507123825470444434e-01 9.104925399999999613e-02 -6.970852665033651363e-02 9.963926809493989234e-01 -4.839779605218121061e-02 -4.686042999999999979e-03 -6.524498722936282746e-01 -8.838303388530005522e-03 7.577803431979747151e-01 3.293430327999999907e+00
7.216257470856017875e-01 8.573241951614078704e-02 6.869543168123013466e-01 1.067249180000000019e-01 -6.960590245409752075e-02 9.962590295657934858e-01 -5.121488408826063016e-02 -5.697370000000000212e-03 -6.887752169515812817e-01 -1.085809617436466618e-02 7.248936489311865738e-01 3.307230710999999879e+00
6.849193177570557234e-01 8.365585636030707650e-02 7.238005428706399957e-01 1.240524650000000007e-01 -6.633357406784536059e-02 9.964209222277685685e-01 -5.239468196438328007e-02 -6.732039000000000425e-03 -7.255931264245789603e-01 -1.212614709571296912e-02 6.880171301951849561e-01 3.321524619999999928e+00
6.458000883611682008e-01 8.183327267225351531e-02 7.591083989500155838e-01 1.426748630000000129e-01 -6.305940519878203143e-02 9.965594729838423982e-01 -5.378408893104114075e-02 -8.094996000000000136e-03 -7.608979940101585626e-01 -1.313515473509640694e-02 6.487385532103067121e-01 3.334707975000000157e+00
6.030024181573929720e-01 8.194747992246399770e-02 7.935191832783212718e-01 1.633921269999999981e-01 -6.161391757474794784e-02 9.965227237766425272e-01 -5.609087410509515370e-02 -9.143114000000000796e-03 -7.953564036690903283e-01 -1.506889283055752246e-02 6.059547174595081298e-01 3.348528147000000121e+00
5.570851346218522737e-01 8.116147730743397681e-02 8.264798650811934211e-01 1.857910750000000000e-01 -5.729377447572439608e-02 9.965977214692601782e-01 -5.924867060621517856e-02 -1.033075200000000034e-02 -8.284766600150409444e-01 -1.434559735785985099e-02 5.598398232055028512e-01 3.361361504000000000e+00
5.091415482187365837e-01 7.992136543158902262e-02 8.569640944782799252e-01 2.104480270000000097e-01 -5.398580573743456956e-02 9.966842259765521517e-01 -6.087763520703881603e-02 -1.212383099999999984e-02 -8.589880189247740550e-01 -1.526856368725374238e-02 5.117679692073551223e-01 3.373750209999999861e+00
4.600678397112323292e-01 7.746818531403114327e-02 8.844977462535394963e-01 2.358169559999999942e-01 -5.161638934683053515e-02 9.968352123517899566e-01 -6.045914129689719529e-02 -1.393693699999999994e-02 -8.863821586732418822e-01 -1.783927351975717057e-02 4.626104507099370045e-01 3.385437489000000078e+00
4.106163595944511413e-01 7.505942999503234514e-02 9.087135341801734212e-01 2.638034819999999780e-01 -5.091983919964458011e-02 9.969384079465494208e-01 -5.933785247952411829e-02 -1.573345099999999899e-02 -9.103852894293068543e-01 -2.190645406770038578e-02 4.131812339166639481e-01 3.396440028999999861e+00
3.607564147114329933e-01 7.575092358292338790e-02 9.295787254562611901e-01 2.920762299999999922e-01 -5.473148871922504932e-02 9.966979850394982465e-01 -5.997991964634020318e-02 -1.641591599999999915e-02 -9.310527769074802285e-01 -2.923908675964740495e-02 3.637111524525085127e-01 3.405282496999999964e+00
3.112030372932607092e-01 7.600794666293225754e-02 9.472990349533425558e-01 3.210320469999999871e-01 -5.278365917874389135e-02 9.966402514557730630e-01 -6.262662773833227448e-02 -1.782034299999999891e-02 -9.488764697805249781e-01 -3.051231263372685548e-02 3.141694508932880714e-01 3.413330316999999781e+00
2.626818949371746426e-01 7.245320340116388758e-02 9.621583837337408518e-01 3.523285389999999961e-01 -4.203784688642792089e-02 9.970892666936033155e-01 -6.360671091610958783e-02 -2.026212999999999972e-02 -9.639663072438622304e-01 -2.373873546172723323e-02 2.649630746676029380e-01 3.421256065000000124e+00
2.203630255163293306e-01 6.676959964910214596e-02 9.731299797807014818e-01 3.823144439999999755e-01 -2.779156356577244108e-02 9.976791473392448983e-01 -6.216066247239419862e-02 -2.171955999999999887e-02 -9.750219310250715088e-01 -1.334689204031805701e-02 2.217072269751368951e-01 3.423403739999999917e+00
1.780546515942934838e-01 6.576572096938458623e-02 9.818204576148392704e-01 4.158186910000000180e-01 -1.880813717998693416e-02 9.978093097999328753e-01 -6.342582480662213584e-02 -2.369245899999999905e-02 -9.838408382566024013e-01 -7.172950714913615272e-03 1.789015197157024506e-01 3.427453995000000031e+00
1.396472150958526504e-01 6.736628289812145176e-02 9.879071005132329386e-01 4.485943319999999845e-01 -1.543522575956371087e-02 9.977099540466953798e-01 -6.585287694468916486e-02 -2.496774499999999952e-02 -9.900810113933726786e-01 -6.052398254522032423e-03 1.403672303411472866e-01 3.430666447000000119e+00
1.068971848365597166e-01 6.770012227382156411e-02 9.919625422958912031e-01 4.842863079999999987e-01 -7.219821580507504444e-03 9.977057142742825624e-01 -6.731405411048602128e-02 -2.786344300000000163e-02 -9.942438664886817934e-01 3.389031442382200998e-05 1.071407149550653859e-01 3.433548926999999917e+00
7.801938391102031245e-02 6.659732370060114648e-02 9.947249731509016923e-01 5.188639160000000361e-01 8.095472445212303914e-04 9.977617612880742559e-01 -6.686413346913962219e-02 -2.920599999999999932e-02 -9.969515135488805635e-01 6.021975360077272410e-03 7.779084422577575708e-02 3.434238434000000062e+00
5.352457043254221780e-02 6.496140740048192419e-02 9.964512712162900687e-01 5.547831060000000258e-01 8.101172949123144895e-03 9.978206133657392396e-01 -6.548583464588521308e-02 -3.121790300000000171e-02 -9.985336706175012011e-01 1.157752525233428018e-02 5.288165610276718276e-02 3.434900045000000013e+00
3.302274038373310266e-02 6.407071120223048477e-02 9.973988382706231448e-01 5.933845039999999793e-01 1.237358176793372164e-02 9.978404257484188022e-01 -6.450875302194752914e-02 -3.314049499999999898e-02 -9.993780031058221436e-01 1.447165188410579062e-02 3.215864113989330697e-02 3.435417174999999990e+00
1.695674634342108494e-02 6.543095774532525777e-02 9.977130141087535709e-01 6.314270499999999897e-01 1.491518468702873051e-02 9.977288977408712567e-01 -6.568549214657488922e-02 -3.551962200000000069e-02 -9.997449704895724487e-01 1.599488609885639512e-02 1.594232101947234970e-02 3.435844898000000036e+00
3.313094832396702716e-03 6.553878798667979455e-02 9.978445222938634451e-01 6.709277630000000103e-01 1.538894821410739452e-02 9.977284936974717411e-01 -6.558226236596000069e-02 -3.754740200000000055e-02 -9.998760941614190934e-01 1.557305793385254170e-02 2.296996102261639194e-03 3.435622454000000214e+00
-8.218113870386600447e-03 6.653364549431371733e-02 9.977503378208650853e-01 7.105684279999999742e-01 1.703149037898176940e-02 9.976486106736671688e-01 -6.638657964055900973e-02 -3.957352799999999671e-02 -9.998211794815531350e-01 1.644760280827027923e-02 -9.331957028264170617e-03 3.435050487999999902e+00
-1.721175900290093652e-02 6.931250247014654475e-02 9.974465060108999026e-01 7.505800719999999870e-01 2.144284468929574805e-02 9.973904325494805656e-01 -6.893859202501050054e-02 -4.220585500000000045e-02 -9.996219084052013759e-01 2.020153608233863848e-02 -1.865310098233452507e-02 3.433385848999999990e+00
-2.390408246521082483e-02 7.129474364490256955e-02 9.971688193932382038e-01 7.905249600000000543e-01 2.557231760377882621e-02 9.971710623621400371e-01 -7.068188565631618181e-02 -4.438297499999999812e-02 -9.993871379069616534e-01 2.381033213058388401e-02 -2.565963113459390765e-02 3.432364702000000101e+00
-2.843650203989097486e-02 7.069349333815055925e-02 9.970926713958858656e-01 8.344519139999999613e-01 2.641021842721866589e-02 9.972009738011000657e-01 -6.994796789588911268e-02 -4.694503500000000301e-02 -9.992466490883828989e-01 2.434435971198663923e-02 -3.022393812611989805e-02 3.430665015999999845e+00
-3.237623158619407776e-02 6.842329995592615066e-02 9.971308999581844912e-01 8.760156630000000000e-01 2.396098943470682807e-02 9.974203210882907067e-01 -6.766516138635092492e-02 -4.865706000000000198e-02 -9.991884960374530777e-01 2.170150002355607927e-02 -3.393220127166229894e-02 3.429968833999999855e+00
-3.493877419797282446e-02 6.126505875967160064e-02 9.975098368601269527e-01 9.213871959999999639e-01 2.209830419704740534e-02 9.979225577322431429e-01 -6.051639216569802693e-02 -5.152036200000000010e-02 -9.991451080844853117e-01 1.992890725332892299e-02 -3.622004481679153010e-02 3.429282426999999966e+00
-3.582652856504252997e-02 5.562586234465125012e-02 9.978087107704520786e-01 9.665029050000000233e-01 2.308094209867921423e-02 9.982294190340931239e-01 -5.482058998856462195e-02 -5.391270699999999721e-02 -9.990914522519023233e-01 2.106633364567277178e-02 -3.704699210345674398e-02 3.426715850999999979e+00
-3.611860497480223059e-02 5.269848064939936655e-02 9.979570714774852469e-01 1.011043549000000041e+00 2.542345646653240004e-02 9.983339071432213441e-01 -5.179824040876467722e-02 -5.655222399999999816e-02 -9.990240708991791063e-01 2.350063797846198982e-02 -3.739820555369932631e-02 3.424518346999999796e+00
-3.608642890875179282e-02 5.517046344741047964e-02 9.978246286856281566e-01 1.056887627000000052e+00 2.876085264376674472e-02 9.981187107567746075e-01 -5.414658430997788124e-02 -5.884849999999999803e-02 -9.989347240955323004e-01 2.674433024459487579e-02 -3.760528946771868331e-02 3.422905921999999990e+00
-3.541267496663601244e-02 6.243139246342641058e-02 9.974208057218303392e-01 1.102965355000000036e+00 2.957467752670310535e-02 9.976751533960949159e-01 -6.139728613929015810e-02 -6.119466600000000173e-02 -9.989350734161350776e-01 2.732415654976329614e-02 -3.717673422915357406e-02 3.421712874999999876e+00
-3.271543512521684488e-02 7.060281956827108019e-02 9.969678741933351018e-01 1.149033785000000085e+00 3.050160320862531013e-02 9.971077410220736681e-01 -6.961181649376048386e-02 -6.321318400000000559e-02 -9.989991754282238068e-01 2.813173764394166429e-02 -3.477431280214071663e-02 3.419911861000000108e+00
-3.079987419732449147e-02 7.171778931276309721e-02 9.969493098676177611e-01 1.196526527000000062e+00 3.134230121475231612e-02 9.970013236932603329e-01 -7.075323814816283918e-02 -6.520728800000000214e-02 -9.990340474198028398e-01 2.906749473169357306e-02 -3.295531589941513850e-02 3.418381452999999848e+00
-2.826875049943133184e-02 6.721883961624902648e-02 9.973377087756413184e-01 1.244838475999999972e+00 3.080852548095596583e-02 9.973210344385001758e-01 -6.634447244653571274e-02 -6.826951400000000336e-02 -9.991254738534546265e-01 2.885102887532507709e-02 -3.026393282349426617e-02 3.416890620999999850e+00
-2.585822627967596793e-02 6.086413864193327555e-02 9.978110586484018052e-01 1.293361902000000008e+00 3.019880269851654003e-02 9.977368316013491834e-01 -6.007701042559519117e-02 -7.108751700000000284e-02 -9.992093796843807274e-01 2.857921436072951432e-02 -2.763772887337756501e-02 3.416125297999999866e+00
-2.336073405445138196e-02 5.889824991292638007e-02 9.979906173214413423e-01 1.341708182999999943e+00 2.818267023639527830e-02 9.979051034266347431e-01 -5.823350971239761587e-02 -7.439447200000000315e-02 -9.993297820053116398e-01 2.676566293353808967e-02 -2.497170568752626885e-02 3.415201664000000026e+00
-2.006935857401654505e-02 6.433829532123500061e-02 9.977263174847026406e-01 1.390046120000000052e+00 3.571463342709291222e-02 9.973365388904897877e-01 -6.359475727689190006e-02 -7.723098200000000357e-02 -9.991604905147102311e-01 3.435712370231198964e-02 -2.231372325068381457e-02 3.414208411999999804e+00
-1.655571510029466356e-02 6.994027074260607268e-02 9.974137891697549829e-01 1.437445402000000039e+00 3.742428946217950247e-02 9.968948447793209988e-01 -6.928268911253848694e-02 -7.987563300000000144e-02 -9.991623145694439323e-01 3.618047789712872109e-02 -1.912177197245334970e-02 3.412494659000000041e+00
-1.412434606536886079e-02 7.070571665428349029e-02 9.973972149954247746e-01 1.486343621999999920e+00 3.150006628416515686e-02 9.970330765839550136e-01 -7.023382391431218230e-02 -8.259463300000000063e-02 -9.994039466963889895e-01 3.042607154953767476e-02 -1.630967497357049822e-02 3.412674904000000176e+00
-1.107011873999180426e-02 6.725984745081896310e-02 9.976740777388047876e-01 1.534411669000000034e+00 2.704560538722596344e-02 9.973903389675908837e-01 -6.694062266929398652e-02 -8.528795799999999705e-02 -9.995729026440846043e-01 2.624165877011024398e-02 -1.286031277505172987e-02 3.413126945000000134e+00
-5.910684012684358155e-03 6.388784163905956992e-02 9.979395810895592689e-01 1.583005548000000040e+00 3.097699111722317100e-02 9.974897731685660185e-01 -6.367557181090949259e-02 -8.842658300000000304e-02 -9.995026212250901487e-01 3.053679935463541467e-02 -7.874899958035253000e-03 3.412316322000000124e+00
-2.821046317686229984e-03 6.434036113854381400e-02 9.979240249769694149e-01 1.632026315000000061e+00 3.535613901223766398e-02 9.973104800977811157e-01 -6.420085452142135218e-02 -9.219572700000000509e-02 -9.993707946162029288e-01 3.510162696649749697e-02 -5.088285809981663022e-03 3.412027120999999941e+00
-4.338753371142218618e-04 6.887628825321701065e-02 9.976251142932657245e-01 1.680303096999999912e+00 3.463010861857629408e-02 9.970278652700861333e-01 -6.881999311276193465e-02 -9.524841600000000241e-02 -9.994001037268593901e-01 3.451800677088338876e-02 -2.817779144609566799e-03 3.412841558000000219e+00
3.723641833887296644e-03 6.951662818853562853e-02 9.975738433303020791e-01 1.728494643999999969e+00 3.097448288855861320e-02 9.970940710861029288e-01 -6.959881331407782867e-02 -9.828037800000000157e-02 -9.995132394827392908e-01 3.115849499315331145e-02 1.559579585121095846e-03 3.413000106999999783e+00
7.548899338669755842e-03 6.912655903075866359e-02 9.975793366721975586e-01 1.777567625000000096e+00 3.083026150044753180e-02 9.971174174579839899e-01 -6.932784994311137761e-02 -1.011895389999999950e-01 -9.994961276035984055e-01 3.127898077763378859e-02 5.395949121680287952e-03 3.412963867000000207e+00
1.054105573622985542e-02 6.556571322780344047e-02 9.977925753346209570e-01 1.825793146999999950e+00 3.448556162533628067e-02 9.972305876844593797e-01 -6.589310302219056337e-02 -1.050242559999999964e-01 -9.993496045845772224e-01 3.510402021759510827e-02 8.250792762628633703e-03 3.414454936999999912e+00
1.499792855651099592e-02 6.669549478346545324e-02 9.976606502787420672e-01 1.875160694000000072e+00 3.892270193346074325e-02 9.969776741332204706e-01 -6.723496526445835175e-02 -1.073961110000000024e-01 -9.991296639641987776e-01 3.984003332707794498e-02 1.235663106532502997e-02 3.413231611000000054e+00
